689
   2   -2     21.337     42.309      7.872 4
   0   -2      9.751     13.247      8.222 4
  -1   -2     26.886    -30.326      6.770 4
   1   -2     23.393     37.714      9.237 4
   5   -2     -5.331     33.051      0.940 4
  -1   -2     38.269     11.252     -0.618 4
  -1   -2     11.341    -31.165     15.497 4
  -1   -2    -26.512      0.496     13.046 4
  -1   -2     37.503     22.826     11.284 4
  11   -2    -48.255     34.523     11.579 4
  -1   -2    -10.716     36.304      3.423 4
  13   -2    -23.501     48.711      1.616 4
  21   -2    -14.737    -21.370      7.180 4
  30   -2    -12.707     18.714      4.498 4
  28   -2     18.639    -12.354      3.922 4
  -1   -2    -18.597     47.676      6.225 4
   6   -2     21.251     33.161      5.489 4
  18   -2      5.334      9.695     10.275 4
  -1   -2     19.919    -23.013      9.826 4
  -1   -2    -33.654    -11.632     11.429 4
  -1   -2     13.686    -32.094      7.897 4
  22   -2    -12.224      2.130      3.265 4
  -1   -2      9.036     28.730     10.900 4
  -1   -2    -49.064     16.424     10.855 4
  17   -2     -5.390     36.382      4.997 4
  16   -2     11.575    -14.761     10.142 4
  -1   -2    -20.087     31.198     -3.749 4
  25   -2     13.095     16.275      3.414 4
  50   -2    -19.458    -20.344     11.207 4
  43   -2    -28.297     15.751      5.639 4
  32   -2     18.611    -31.345     11.329 4
  34   -2    -36.097     28.900      7.330 4
  -1   -2     16.178    -31.243     13.035 4
  -1   -2    -45.932     15.354     18.787 4
  -1   -2    -22.447     34.336     12.681 4
  -1   -2      6.787     13.633     -2.300 4
  56   -2     21.505    -19.605      6.689 4
  -1   -2      1.814     -6.579      5.117 4
  -1   -2    -27.593     44.395     13.470 4
  58   -2     -7.069     39.452      2.671 4
  -1   -2     36.639     50.804     -8.714 4
  59   -2    -27.707     17.519      5.567 4
  55   -2    -17.636     26.300      7.972 4
  -1   -2    -25.173      0.335     16.843 4
  38   -2     29.694    -12.749      5.068 4
  72   -2     -6.034     -7.406     10.549 4
  -1   -2     10.574     50.182     -8.633 4
  42   -2    -47.519      7.725     -8.141 4
  -1   -2     22.637     25.712      7.077 4
  -1   -2     38.402     51.803      2.488 4
  41   -2      7.372     33.044     11.263 4
  -1   -2     22.131    -30.925      2.806 4
  35   -2      1.768      2.582     10.701 4
  54   -2      1.458     21.457     11.051 4
  31   -2      8.948    -23.237     -0.110 4
  -1   -2     27.688     41.412     10.077 4
  60   -2    -13.880      6.015      8.529 4
  75   -2     -5.248      2.595      8.922 4
 128   -2      2.066     43.307      4.850 4
  -1   -2     21.966    -29.631     13.008 4
  -1   -2    -16.300     43.704     15.744 4
  63   -2      7.536     21.373      8.394 4
  -1   -2     22.118    -12.146      9.671 4
  -1   -2      1.386    -29.052      9.984 4
  -1   -2    -15.106     50.101      0.576 4
  -1   -2     24.030    -18.711      9.572 4
  95   -2     12.893     22.848      5.801 4
  -1   -2    -51.725     30.796    -18.312 4
  -1   -2      8.561    -31.719     13.710 4
  -1   -2    -38.597    -15.199     11.341 4
 122   -2    -10.650      9.898      6.622 4
  81   -2      8.168    -29.401    -12.146 4
  84   -2    -30.038     31.610     12.796 4
  -1   -2     23.482     15.888      8.686 4
  51   -2    -29.240    -12.701     11.402 4
  76   -2      7.268     35.401      8.006 4
 123   -2    -18.417     44.194      9.731 4
  -1   -2      6.202    -29.428     -8.212 4
  -1   -2    -17.560    -30.052     14.052 4
  -1   -2      6.082     13.144     11.089 4
  -1   -2    -48.345     40.524     13.292 4
  -1   -2     28.593     38.109      6.744 4
  -1   -2     38.184      5.613      7.852 4
  -1   -2    -49.095      0.771     10.665 4
 115   -2     22.009     16.329     11.378 4
  -1   -2     11.178     20.869     10.328 4
  -1   -2    -12.981    -12.044      8.853 4
  -1   -2    -52.453     14.961    -20.132 4
  -1   -2    -40.763     33.989      3.154 4
  70   -2    -20.383    -16.998      8.814 4
  -1   -2    -26.479    -25.531     11.179 4
  -1   -2    -25.096     39.854      9.502 4
  -1   -2    -22.690    -26.673     13.352 4
  49   -2     18.755      9.153      8.164 4
  74   -2    -16.498     20.696      9.210 4
  -1   -2     38.835     -8.335      5.172 4
 111   -2      4.713     -0.823     11.083 4
  -1   -2    -36.637     -0.524      9.128 4
  -1   -2     -9.467    -31.195      0.532 4
  -1   -2     21.688     46.666     10.466 4
  -1   -2    -30.225     29.003     11.714 4
  -1   -2    -36.611     -8.931      9.368 4
  85   -2    -30.475     50.908    -10.826 4
 208   -2     14.485     -9.938      9.415 4
  57   -2    -21.367    -22.572     11.825 4
  -1   -2     40.458     26.201      9.954 4
 120   -2     13.310     19.259      6.873 4
  -1   -2     -4.713    -26.622     -3.336 4
  -1   -2     12.433     42.352      9.896 4
  -1   -2    -50.219    -22.236     15.253 4
  -1   -2     24.000     -5.980     10.763 4
  93   -2     -9.169      3.168      4.370 4
 140   -2     -6.307     22.352      6.655 4
  -1   -2     14.497     37.564     21.836 4
  -1   -2    -21.667      4.304      6.958 4
  -1   -2     40.641      1.478    -15.074 4
  98   -2     21.506      9.900     13.137 4
  -1   -2      9.610     30.382      6.722 4
  -1   -2     -7.935     12.914     14.577 4
  -1   -2    -49.494    -21.625      1.449 4
  -1   -2    -37.650     22.517     10.830 4
  -1   -2    -48.796      1.635     17.208 4
  68   -2     -5.599    -14.824      8.571 4
  99   -2     19.650    -16.839      7.586 4
  -1   -2     -8.031    -17.159     10.430 4
  -1   -2    -30.545     -6.855      9.499 4
  -1   -2     -9.452     15.341      7.896 4
  -1   -2      1.346     32.867     -5.259 4
 162   -2    -28.651     -8.981      2.678 4
  -1   -2    -30.864      0.946      1.032 4
  -1   -2     25.480      1.376     16.150 4
  -1   -2      5.867     21.108      7.650 4
  -1   -2    -27.914    -19.873     10.689 4
  -1   -2     39.434    -32.025     10.337 4
  -1   -2      9.108    -11.196    -22.159 4
  -1   -2    -49.013      5.728      4.499 4
  -1   -2    -53.238    -11.441    -15.762 4
 121   -2     30.367     31.832      5.412 4
 118   -2      5.168     -5.114     10.705 4
  -1   -2      8.903     -4.158     10.932 4
 192   -2     15.577      0.323     10.846 4
  -1   -2     -7.808     -9.719      4.619 4
  -1   -2    -15.621     16.567      9.087 4
  -1   -2    -10.013     22.388      9.098 4
  -1   -2     39.517     21.123      5.696 4
  -1   -2     -4.806     12.486      8.521 4
 136   -2    -56.390     16.903      3.735 4
 153   -2    -29.305     33.617      1.115 4
  -1   -2    -16.791     22.806      6.919 4
 158   -2      8.324      3.357      7.495 4
 149   -2    -12.764      3.170      8.292 4
  -1   -2    -36.402     14.065      8.329 4
  -1   -2    -31.136    -17.016     13.651 4
 102   -2    -12.537     19.859      7.307 4
  -1   -2     23.216     20.981      5.821 4
  -1   -2     -0.669     45.232     13.558 4
  52   -2     11.951      1.243      5.295 4
 156   -2     11.561     -8.322      8.491 4
  -1   -2     16.100     11.479      8.162 4
 165   -2      2.713     42.202      1.295 4
  -1   -2    -39.320    -27.574     -2.675 4
  -1   -2     21.750      8.131      6.540 4
  -1   -2     37.333     52.458      1.675 4
  -1   -2     10.762     38.314     13.080 4
 196   -2     11.162      9.265      6.223 4
  -1   -2     17.452     39.043     -9.973 4
 166   -2      2.902     26.189     10.780 4
 194   -2     14.743     -8.572      8.038 4
  -1   -2     30.024    -30.185      6.707 4
  94   -2    -16.684    -15.325     10.181 4
 177   -2    -27.030     30.293     12.198 4
  -1   -2    -12.615     31.565      7.633 4
  -1   -2     14.549      5.435     10.610 4
  -1   -2    -13.486     47.756     16.956 4
  -1   -2     -9.797      1.808     11.680 4
  -1   -2     16.087     22.073      9.003 4
  -1   -2      9.785     43.370     13.741 4
  -1   -2    -23.834     -1.592    -13.885 4
  -1   -2    -11.539      7.946      9.322 4
  -1   -2     24.903     -9.263     15.559 4
 157   -2    -23.391    -22.966     10.911 4
  -1   -2     -3.689     41.415    -22.345 4
  -1   -2    -19.468     -9.057     14.421 4
  -1   -2     24.577    -13.976     11.191 4
  -1   -2     -4.484     -6.300     11.176 4
  -1   -2     21.999      0.041     12.787 4
  -1   -2     -8.276     26.311      8.468 4
  -1   -2     -4.858    -19.014      8.371 4
  -1   -2     -6.388    -16.804     10.965 4
  -1   -2    -46.875     28.162     12.865 4
  -1   -2    -35.960    -25.156    -12.732 4
  -1   -2    -43.221    -29.141     -0.155 4
  -1   -2    -16.099     31.118      5.426 4
  -1   -2    -18.125     18.038     11.886 4
 103   -2    -24.858      8.849     12.945 4
  -1   -2     10.042     -3.991      9.176 4
  -1   -2     27.238     21.181      8.499 4
  -1   -2     16.622     40.708     10.619 4
  -1   -2     -3.013     14.962      5.803 4
  -1   -2     50.703     19.380      2.827 4
  -1   -2      5.631    -17.109      9.974 4
  -1   -2    -11.021     26.532     10.180 4
  -1   -2    -25.302     17.014      7.421 4
  -1   -2    -49.506      9.423      0.024 4
  -1   -2    -25.317      3.993     11.810 4
 237   -2     14.514     -2.696      2.817 4
 216   -2     -6.421     11.379      8.349 4
  -1   -2    -11.093     25.074      5.444 4
  -1   -2    -17.776     24.296    -13.595 4
  -1   -2    -33.379     52.631     15.195 4
  -1   -2     -8.383    -30.669    -13.893 4
  -1   -2     36.270    -26.075     -1.603 4
  -1   -2    -14.682      2.757      3.451 4
  -1   -2      5.999     16.987     21.048 4
  -1   -2    -18.650     13.224     11.119 4
  -1   -2      3.391    -22.542      6.979 4
 203   -2    -18.736     -6.078      8.612 4
  -1   -2     40.017     -5.954     15.760 4
  -1   -2     22.559      6.845      8.770 4
 228   -2     20.232     -3.454      7.916 4
  -1   -2    -15.841     -1.688      7.003 4
 161   -2     -0.774    -20.965      5.080 4
  -1   -2    -26.665    -10.562    -18.271 4
  -1   -2    -11.609    -10.361      9.386 4
  -1   -2     15.274     28.193      7.061 4
  -1   -2    -11.611     14.310      2.771 4
 183   -2    -57.092    -14.878    -21.020 4
  -1   -2      4.477     34.535      9.881 4
  -1   -2     12.818    -23.580      9.989 4
  -1   -2     16.506     25.643      9.558 4
  -1   -2     39.368     35.602     11.595 4
  -1   -2     15.092    -24.615      7.285 4
  -1   -2      3.886     11.496     11.265 4
  -1   -2     44.459      8.814     15.349 4
  -1   -2     -1.704      0.524      9.397 4
  -1   -2     19.115     35.092     15.760 4
 197   -2     10.276      7.705      6.979 4
  -1   -2     25.621     -3.090    -20.809 4
  -1   -2      4.264     16.899      9.350 4
  -1   -2     10.880    -31.587    -16.671 4
  -1   -2    -45.132     50.142     16.894 4
  -1   -2    -48.505     -6.053     -2.080 4
  -1   -2     14.803      2.735     11.273 4
  -1   -2    -43.625    -32.033     -3.141 4
  -1   -2     39.059     -4.025     20.204 4
  -1   -2     41.075     32.011     10.672 4
  -1   -2    -18.455    -26.075      9.355 4
  -1   -2    -35.702    -10.280    -22.719 4
  -1   -2     38.627      3.147     12.850 4
 603   -2     10.254      5.181     11.106 4
  -1   -2    -59.663    -11.490     17.501 4
  -1   -2     37.220     -3.996     -1.453 4
  -1   -2    -13.064     -6.166      4.683 4
  -1   -2    -48.588     -3.178      1.524 4
  -1   -2     34.023     32.911      4.107 4
  -1   -2    -23.638     10.854     22.132 4
  -1   -2    -56.533     18.753     12.384 4
  -1   -2    -41.417     -8.659     10.187 4
  -1   -2    -15.992    -15.287     -4.804 4
  -1   -2    -26.065     45.888     -4.126 4
  -1   -2    -40.059    -22.435     15.467 4
  -1   -2    -17.646      2.612      3.484 4
  -1   -2    -34.919     35.240    -15.547 4
  -1   -2      2.812     -9.390     11.432 4
  -1   -2    -56.151     -0.665    -16.083 4
  -1   -2      1.641     -4.454     10.662 4
  -1   -2    -25.826     35.305    -24.436 4
  -1   -2     28.610    -29.570     18.240 4
  -1   -2    -23.349     -4.780      3.916 4
 231   -2    -60.619     24.413      6.496 4
  -1   -2    -51.829    -26.308    -16.063 4
 201   -2     49.914      4.127      5.171 4
  -1   -2     26.992    -29.786     24.066 4
  -1   -2     -4.349    -30.590    -12.838 4
  -1   -2     16.327     -7.600     10.796 4
  -1   -2    -49.460    -21.415     12.528 4
  -1   -2    -32.997     16.922    -24.927 4
  -1   -2    -49.859     -7.671      5.406 4
  -1   -2     28.420     22.486     -0.084 4
  -1   -2    -42.900     30.611     11.127 4
  -1   -2     38.372     37.211     10.292 4
  -1   -2    -58.604     -7.903    -13.446 4
  -1   -2    -19.676     -8.593    -19.768 4
  -1   -2     39.310     19.208      8.859 4
  -1   -2    -49.636      2.918     -5.815 4
  -1   -2      1.358     23.416     18.603 4
  -1   -2    -50.199    -11.571      4.396 4
  -1   -2    -24.263    -14.032     15.601 4
  -1   -2      6.387    -15.422      7.270 4
  -1   -2    -54.618      6.420    -12.842 4
  -1   -2     10.878      1.938     11.482 4
  -1   -2    -25.641    -16.070     -1.818 4
  -1   -2     14.026     27.025      2.477 4
  -1   -2    -15.022     -4.491      5.578 4
  -1   -2    -60.997      5.363      8.514 4
  -1   -2    -35.306     -4.279     12.081 4
  -1   -2     25.710    -26.841     13.999 4
  -1   -2    -35.159     16.356    -19.596 4
  -1   -2     38.946     -0.871      9.831 4
  -1   -2     15.800     50.716     -5.936 4
  -1   -2     41.464      8.134    -12.855 4
  -1   -2    -51.263    -20.535      5.817 4
  -1   -2    -61.005     -6.271     -6.936 4
  -1   -2    -16.360     14.654     -8.635 4
  -1   -2      9.338     -0.190      9.931 4
  -1   -2    -16.833     38.878     15.931 4
  -1   -2    -30.345    -15.269      9.918 4
  -1   -2     27.837     -7.002     -9.891 4
  -1   -2     -2.885     -1.021    -13.576 4
 291   -2    -59.744      0.134    -18.861 4
  -1   -2    -11.469    -13.812    -20.663 4
  -1   -2     19.924     23.078     -6.292 4
  -1   -2     39.148     16.632     18.593 4
  -1   -2    -48.769     -7.853     -8.756 4
  -1   -2     20.915    -28.419     -0.975 4
  -1   -2     43.717     11.131     -0.977 4
  -1   -2     -2.086    -22.832    -13.688 4
  -1   -2      6.556     -5.000      9.741 4
  -1   -2    -18.691    -10.166     -6.524 4
  -1   -2     24.370    -22.111     12.457 4
  -1   -2      2.919     37.376     -3.808 4
  -1   -2     20.511     -9.744     15.422 4
  -1   -2      0.472      6.064      8.286 4
  -1   -2      5.666    -20.467      5.714 4
  -1   -2     26.897     18.949     -7.666 4
  -1   -2     -2.912     29.512      0.941 4
  -1   -2     18.735     -1.783     -1.602 4
  -1   -2    -62.095     -8.761     -1.866 4
  -1   -2    -57.618     33.197    -12.467 4
  -1   -2     38.851    -13.040     -8.178 4
  -1   -2    -32.294     35.631    -19.096 4
  -1   -2    -35.172      1.014    -13.084 4
  -1   -2    -22.137     10.457     -3.943 4
  -1   -2     19.960    -29.969      7.098 4
  -1   -2     39.786     39.360    -15.363 4
  -1   -2     39.539     47.068     -1.286 4
  -1   -2     -2.794    -11.224     -1.037 4
  -1   -2     19.565     30.077     -8.178 4
  -1   -2     -0.041    -18.779     14.916 4
  -1   -2    -29.418      3.571    -14.302 4
  -1   -2     48.505     31.759     10.298 4
  -1   -2     28.604     14.416     -6.465 4
  -1   -2     18.421     29.374     20.144 4
  -1   -2    -61.839      4.600     16.903 4
  -1   -2    -24.090     20.754     -3.161 4
  -1   -2    -60.073      6.826    -20.166 4
  -1   -2     10.584     48.329      6.189 4
  -1   -2     28.831     12.001    -10.978 4
  -1   -2      3.780      7.632      7.427 4
  -1   -2    -46.424    -12.721     12.976 4
  -1   -2    -13.237    -23.492    -23.343 4
  -1   -2    -55.755    -11.652    -16.594 4
  -1   -2    -30.143     -3.494    -20.910 4
  -1   -2     37.738     12.887     15.311 4
  -1   -2    -36.191    -24.258     12.091 4
  -1   -2     18.497      4.404     19.072 4
  -1   -2     41.186     27.983      9.126 4
  -1   -2     51.028    -16.086      6.888 4
  -1   -2    -24.898     23.311     10.180 4
  -1   -2     38.854    -13.551      5.872 4
  -1   -2    -15.025    -30.129     11.310 4
  -1   -2    -48.970     18.125     13.934 4
 369   -2     38.473     49.165      3.185 4
  -1   -2    -46.444    -30.977     -3.726 4
  -1   -2    -45.004     18.002     10.505 4
  -1   -2    -49.262     12.851     -2.510 4
  -1   -2    -48.920     14.955     14.397 4
  -1   -2    -10.084    -28.263     23.824 4
  -1   -2     33.867     -4.362      1.892 4
  -1   -2    -52.138     19.960    -23.292 4
  -1   -2     49.978      6.636     10.468 4
  -1   -2    -63.555      7.553      6.495 4
  -1   -2     36.928    -21.314     -2.247 4
  -1   -2     17.762    -31.400     12.197 4
  -1   -2    -46.753      0.573     18.341 4
 389   -2     10.330    -29.811      2.704 4
 442   -2    -44.664      1.004     22.629 4
  -1   -2    -45.951     17.573     26.124 4
  -1   -2     33.898    -30.731      5.446 4
  -1   -2     41.437     42.304     25.906 4
  -1   -2     39.274     17.412      6.042 4
 392   -2    -48.109     24.743      6.399 4
  -1   -2     20.762    -31.964      6.548 4
  -1   -2    -49.525     21.974      1.226 4
  -1   -2    -34.526     37.592     -9.045 4
  -1   -2    -13.124      5.612      7.738 4
  -1   -2    -51.046     20.795    -12.150 4
  -1   -2     27.796     23.802    -18.994 4
  -1   -2     35.455     28.305      8.857 4
  -1   -2    -39.287     37.554     12.683 4
  -1   -2     12.380     12.893     11.216 4
  -1   -2    -53.301     40.944    -22.238 4
  -1   -2     35.991     11.339      2.078 4
  -1   -2    -51.878     27.881    -11.977 4
  -1   -2    -28.704    -19.554      9.523 4
  -1   -2    -58.872     29.726     -9.476 4
 387   -2     55.765     13.759     15.719 4
  -1   -2    -49.194      4.669      6.258 4
  -1   -2    -18.474     -9.649     11.748 4
  -1   -2    -48.047     43.781     14.388 4
 540   -2    -57.888     34.998    -23.525 4
  -1   -2    -11.315     10.147      9.278 4
  -1   -2     22.994    -32.484      5.264 4
  -1   -2    -52.949     29.635    -20.438 4
  -1   -2     26.527    -25.013     20.060 4
  -1   -2    -30.937     24.112     16.575 4
  -1   -2    -51.334     27.543     -1.407 4
  -1   -2     37.787     26.035     12.246 4
  10   -2    -11.235     36.113      4.967 4
  -1   -2     -7.472      1.810     15.228 4
  -1   -2    -37.484     12.581      1.867 4
  -1   -2     19.585     47.441     11.910 4
 129   -2    -31.861     29.181      9.314 4
  -1   -2     18.210    -29.847     -3.334 4
  -1   -2     23.417    -30.720      4.539 4
  -1   -2    -52.662     25.615    -16.855 4
  -1   -2     21.107     27.073     10.620 4
  -1   -2    -29.873     45.125      7.412 4
  -1   -2     24.309     10.368     17.765 4
  -1   -2    -14.665    -28.444     25.062 4
  -1   -2     -0.633     34.202      9.163 4
  -1   -2     31.151    -27.690      0.979 4
  -1   -2     15.073    -32.125     12.599 4
  -1   -2     19.346    -31.850      7.511 4
  -1   -2     31.650    -14.202      1.498 4
  -1   -2    -48.421     19.865      0.471 4
  -1   -2     44.086     24.148     -7.923 4
  -1   -2    -48.763     38.870      0.029 4
  -1   -2     52.320      4.483      9.604 4
  -1   -2     -6.904     -7.309      8.752 4
  -1   -2     28.372     47.582     -3.403 4
  -1   -2     30.563     34.748     11.383 4
  -1   -2     25.541    -33.049      5.854 4
  -1   -2    -52.662    -17.991    -18.605 4
 427   -2     22.364    -31.284      8.251 4
  -1   -2    -29.664      7.065     14.863 4
  -1   -2    -53.215    -28.579      4.501 4
  -1   -2     48.390     22.873      6.601 4
  -1   -2    -48.288      0.042    -18.410 4
  -1   -2     55.247     39.157     13.967 4
  -1   -2    -20.944      4.040     12.138 4
  -1   -2     36.500     18.339      9.072 4
 423   -2     49.974     13.135      5.918 4
  -1   -2    -41.143     52.070      5.290 4
  -1   -2    -28.788     13.392     11.070 4
  -1   -2     10.945     51.111     23.292 4
  -1   -2    -50.012    -15.458     -5.441 4
  -1   -2     24.324     50.769      5.940 4
  -1   -2    -20.048     29.189      9.316 4
  -1   -2    -50.300     23.959     -0.145 4
  -1   -2    -50.016      5.281     14.911 4
  -1   -2    -12.590     39.220    -18.272 4
  -1   -2    -59.584     12.855    -11.487 4
  -1   -2     18.097     31.970    -17.109 4
  -1   -2    -25.576     33.263    -15.569 4
  -1   -2    -25.464     13.041    -23.396 4
  -1   -2    -49.496      9.734    -10.974 4
  -1   -2    -38.366     39.884      0.552 4
  -1   -2     36.553     10.697      4.831 4
  -1   -2     38.694    -16.577     -5.243 4
  -1   -2    -61.911     14.377    -19.216 4
  -1   -2     10.388    -19.190     14.142 4
  -1   -2    -50.448    -18.865    -14.166 4
  -1   -2     38.761     13.879     11.173 4
  -1   -2    -11.259     25.663     19.383 4
  -1   -2     36.855     -9.097     -3.664 4
  -1   -2     18.784    -23.382     22.059 4
  -1   -2     -4.625     11.469    -28.315 4
  -1   -2      7.684    -29.467     -3.748 4
  -1   -2    -40.034    -17.312      2.015 4
  -1   -2     -7.579     21.142      9.462 4
  -1   -2    -51.852     -0.927    -17.645 4
  -1   -2     19.401     37.749    -24.333 4
  -1   -2     29.089     -7.228      9.478 4
  -1   -2     24.892    -23.604     16.062 4
  -1   -2     16.717    -32.308     -0.809 4
  -1   -2    -49.522     38.329     17.253 4
  -1   -2     19.967     15.025      9.949 4
  -1   -2    -49.473     25.618     -1.855 4
 475   -2     54.302     17.409     -0.433 4
 510   -2    -50.142     40.026     -0.326 4
  -1   -2     26.459     37.991     -4.046 4
  -1   -2     38.668     46.777     21.350 4
  -1   -2     12.903     52.761     -6.138 4
  -1   -2    -18.756    -11.531     -8.717 4
  -1   -2    -59.019    -19.987    -16.514 4
  -1   -2    -29.501     42.228    -10.999 4
  -1   -2     28.521      8.201      1.653 4
  -1   -2    -13.879     -3.387     20.720 4
  -1   -2    -38.117     37.371     -1.019 4
  -1   -2    -37.980     44.455      0.603 4
  -1   -2    -52.992     -7.581    -17.583 4
  -1   -2    -49.777    -24.364     20.781 4
  -1   -2     49.289     29.292      7.109 4
  -1   -2     37.478     51.029     16.751 4
  -1   -2    -38.773     27.008     -8.767 4
  -1   -2    -23.513     16.767      6.486 4
  -1   -2    -52.773     37.122    -11.329 4
  -1   -2    -40.946     23.323      9.417 4
  -1   -2    -48.431     32.401    -17.066 4
  -1   -2     13.700     23.269    -19.832 4
  -1   -2     15.146    -15.390     -1.019 4
  -1   -2    -10.204    -22.044     12.575 4
  -1   -2      2.560     -6.377      3.656 4
  24   -2      2.409    -31.391    -14.122 4
  -1   -2    -53.415     17.248      8.411 4
  -1   -2    -10.174    -29.378     14.851 4
  -1   -2     34.630     39.597      0.294 4
  -1   -2     21.024     42.482     24.389 4
  -1   -2    -58.030     47.119      3.383 4
 462   -2     55.903     -5.783      9.437 4
  -1   -2     34.400     -1.534      9.788 4
  -1   -2    -36.466     38.181     -0.353 4
  -1   -2     26.577      4.584      1.966 4
  -1   -2    -26.684     12.057      6.025 4
  -1   -2     27.585    -13.645     -1.941 4
 523   -2     50.740      2.192     13.174 4
  -1   -2    -21.934    -10.270     21.707 4
  -1   -2    -29.477     49.948      1.197 4
  -1   -2    -16.915    -20.995     15.218 4
  -1   -2      4.612     37.960     -7.297 4
  -1   -2     47.887    -24.515      4.735 4
  -1   -2    -60.666     38.352      6.587 4
  -1   -2    -32.609      3.454     19.804 4
  -1   -2    -35.863    -29.676     -8.279 4
  -1   -2    -54.207    -28.100     16.505 4
  -1   -2     23.794    -16.638      4.586 4
  -1   -2    -22.585     -0.909    -25.255 4
  -1   -2    -33.087     -5.370      4.024 4
  -1   -2     -2.664     33.307      3.071 4
  -1   -2    -50.577     29.210     -6.634 4
  -1   -2    -49.428     43.966     14.466 4
  -1   -2     38.820     31.510     13.892 4
  -1   -2     -6.454     11.964      2.182 4
  -1   -2     51.807      8.459      4.731 4
  -1   -2     23.260     24.786     23.555 4
  -1   -2     17.096     15.671    -20.500 4
  -1   -2     38.088     22.695     -0.301 4
  -1   -2    -26.126     -6.411      0.454 4
  -1   -2    -19.799     39.663      1.362 4
  -1   -2     -1.236     -5.621      7.950 4
  -1   -2     29.199     -2.022      1.101 4
  -1   -2    -57.605      9.360     15.886 4
 515   -2     18.466     15.190     12.358 4
  -1   -2     -5.028     28.812     10.099 4
  -1   -2     13.428    -25.669     20.942 4
  -1   -2     12.361     -0.152     16.574 4
  -1   -2    -12.123    -10.711     -9.254 4
  -1   -2    -21.727     -6.143    -20.434 4
  -1   -2    -52.858     10.717    -18.245 4
  -1   -2    -55.624      0.083     -0.930 4
  -1   -2    -62.337     -5.271      2.809 4
  -1   -2    -35.548     15.038      8.646 4
  -1   -2     23.965     23.108     27.954 4
  -1   -2     32.681    -34.705     16.647 4
  -1   -2     26.782    -32.572      1.422 4
  -1   -2    -30.619    -26.776      0.754 4
  -1   -2    -48.111      1.596    -11.704 4
  -1   -2      6.170      4.706      6.069 4
  -1   -2     38.505     35.005    -10.507 4
  -1   -2    -59.305     45.860     -8.621 4
  -1   -2     19.265     12.655    -14.546 4
  -1   -2    -29.228    -15.944      5.240 4
  -1   -2     43.028     15.870      0.262 4
  -1   -2    -24.209     20.363     24.207 4
  -1   -2     15.205      3.163     23.192 4
  -1   -2      3.961    -11.838     -8.679 4
  -1   -2     53.713      4.675      2.896 4
  -1   -2    -37.888    -19.922     -6.636 4
  -1   -2    -50.143     46.820    -16.938 4
  -1   -2     49.273     35.763      3.708 4
  -1   -2     27.418     -4.995    -12.792 4
 588   -2     56.110     10.715     12.250 4
  -1   -2    -63.846     25.761      0.690 4
  -1   -2    -47.134     27.805     -2.627 4
  -1   -2    -55.441     19.030    -26.683 4
  -1   -2     40.216     45.012     -0.609 4
 636   -2     49.566     43.751      8.733 4
  -1   -2    -20.903     13.999     12.975 4
  -1   -2     25.768     45.613      5.851 4
  -1   -2    -52.305      6.894     23.580 4
  -1   -2    -45.509     47.752     18.233 4
  -1   -2     -1.209     13.222     12.590 4
  -1   -2     38.255     33.027     13.926 4
  -1   -2     -7.719     44.189     14.288 4
  -1   -2      8.178     22.404     27.889 4
  -1   -2    -56.323     25.885     19.677 4
  -1   -2    -25.592     25.184     -8.561 4
  -1   -2    -14.072      9.027    -21.747 4
  -1   -2    -34.770     40.150      2.818 4
  -1   -2      0.476     35.440     -0.255 4
  -1   -2    -29.675    -13.990     -1.485 4
  -1   -2     -9.493     -4.236     -8.829 4
  -1   -2    -43.570     32.099    -11.163 4
  -1   -2     15.974    -23.023     -7.064 4
  -1   -2    -57.329    -23.852     -8.044 4
  -1   -2    -25.942    -15.269    -14.208 4
  -1   -2    -48.583      0.758     24.128 4
  -1   -2    -13.559     24.704     -0.486 4
  -1   -2     16.248     -4.319     18.938 4
  -1   -2     36.677     27.565     13.087 4
  -1   -2     51.257     29.141     -5.238 4
  -1   -2    -41.871    -30.384    -17.626 4
  -1   -2      4.325     40.265     -6.614 4
  -1   -2     35.400    -33.336    -13.085 4
  -1   -2     35.040    -27.143     -0.182 4
  -1   -2    -59.136      1.269     16.341 4
  -1   -2     29.190     18.208     23.712 4
  -1   -2      1.778    -33.568      9.002 4
  -1   -2    -18.590    -14.411     -5.758 4
  -1   -2     -1.106      2.935      1.401 4
  -1   -2    -59.914     -1.210     20.137 4
  -1   -2    -26.720    -27.831     11.466 4
  -1   -2     45.759      1.001    -17.938 4
  -1   -2    -61.132    -12.033     -7.125 4
  -1   -2     16.896      0.223     -3.589 4
  -1   -2    -28.841      8.833     14.788 4
  -1   -2     21.118      8.587     -1.039 4
  -1   -2      9.032    -20.584     11.822 4
  -1   -2     34.206     -2.945     -1.958 4
  -1   -2    -36.617     24.278      1.650 4
  -1   -2    -26.287    -12.956     -4.785 4
  -1   -2    -60.152    -17.719    -23.686 4
  -1   -2     55.150     -7.975      6.578 4
  -1   -2    -37.077     -6.297      0.224 4
  -1   -2      5.765     18.818    -14.096 4
  -1   -2    -10.186     22.400      0.195 4
  -1   -2     -6.212    -30.649    -17.384 4
  -1   -2    -31.164    -23.347     14.894 4
  -1   -2    -20.400    -13.185     -9.532 4
  -1   -2     15.634      7.652    -17.753 4
  -1   -2    -11.445     33.061    -14.470 4
  -1   -2    -10.640    -29.233    -22.697 4
  -1   -2    -56.486     47.404    -37.318 4
  -1   -2    -52.198    -10.353    -11.598 4
  -1   -2     11.718     -3.918     11.168 4
  -1   -2      3.913     25.587    -23.474 4
  -1   -2      0.127     16.399     16.550 4
  -1   -2     -7.179      4.930     22.297 4
  -1   -2     24.890     28.273     -6.439 4
  -1   -2     -1.240     42.304     11.987 4
  -1   -2    -64.303      4.099      2.531 4
  -1   -2    -19.150     36.122     19.649 4
  -1   -2    -62.014     22.400    -13.394 4
  -1   -2     11.083     46.886     18.518 4
  -1   -2     46.731     -7.511    -11.026 4
  -1   -2     -1.710    -12.389      3.702 4
  -1   -2      2.597     31.897      3.869 4
  -1   -2    -51.500     31.682     -9.663 4
  -1   -2     50.703    -19.236      8.561 4
  -1   -2     14.665     35.646    -23.903 4
  -1   -2      9.852     16.548      4.926 4
  -1   -2    -59.155      2.178     -7.232 4
  -1   -2      6.506     22.129     -3.027 4
  -1   -2    -47.290     51.141    -30.134 4
  -1   -2    -11.948    -18.357    -17.349 4
  -1   -2      1.885    -14.183     11.189 4
  -1   -2     -0.526     49.187     15.691 4
  -1   -2      6.151     19.174     12.916 4
  -1   -2     10.591     22.562     15.948 4
  -1   -2    -38.589      3.913     -0.649 4
  -1   -2    -24.358      4.074      5.393 4
  -1   -2      3.554     10.415     14.984 4
  -1   -2    -21.051     22.368    -26.268 4
  -1   -2     13.452    -28.187     14.440 4
  -1   -2     14.490     34.439     10.236 4
  -1   -2     10.061      6.612     -4.881 4
  -1   -2    -59.296     47.125    -28.092 4
  -1   -2     50.743     46.458     -2.241 4
  -1   -2     18.664     -2.418    -24.134 4
  -1   -2    -11.116     14.714    -21.061 4
  -1   -2     10.104     44.053     -6.637 4
  -1   -2     41.737    -26.317      5.165 4
  -1   -2     18.320     40.857     27.019 4
  -1   -2     10.054    -14.446     -4.479 4
  -1   -2     -4.090     21.293    -13.613 4
  -1   -2    -61.502     39.316    -10.123 4
  -1   -2     51.411     -3.442     -4.842 4
  -1   -2     39.065      1.455     20.578 4
  -1   -2    -62.210     31.184     -7.107 4
  -1   -2     24.513     51.461    -14.494 4
  -1   -2    -62.335    -22.517     -0.112 4
  -1   -2     22.703     -1.687    -10.413 4
  -1   -2     -0.620    -15.356     14.845 4
  -1   -2     12.510     -8.091      6.258 4
   4   -2    -26.273      0.527     13.522 2
 414   -2     24.056    -31.849     -3.784 2
 256   -2     19.075     -0.473     13.045 2
 378   -2     34.984     10.868      2.178 2
