679
   0    2     21.970     41.437      8.979 4
   2    0     10.080     13.322      8.638 4
   3    1     23.920     36.548      9.634 4
   7    4    -26.224      0.874     13.083 4
   1    6     21.892     31.817      6.195 4
   5   15    -26.574     44.844     12.941 4
   4   14    -22.207     35.077     11.654 4
  32   10    -10.670     36.576      2.535 4
   9    9     38.239     11.259     -0.636 4
  -1   -2     14.426    -32.133      5.961 4
  -1   -2     37.527     22.813     11.282 4
  -1   -2    -49.052     16.382     10.273 4
  16    7    -33.535    -10.493     11.150 4
  26    5     -4.703     33.650      0.071 4
  25   17     -5.274     36.797      3.694 4
  11   25     13.542     16.044      4.102 4
  10   20      8.809     28.793     11.051 4
  14   13    -23.183     48.780      0.432 4
  -1   11    -48.290     34.039     10.987 4
  19   22    -11.616      1.914      3.692 4
  12   41      7.614     33.154     10.246 4
  27   12     27.826    -30.740      6.554 4
  -1   -2      8.156     43.790      9.149 4
  15   16     10.310    -14.691     10.281 4
  -1   34    -35.807     29.304      6.639 4
  18   29      1.630     -6.633      6.312 4
  24   18      5.715      9.811     10.555 4
  34   21    -16.125    -20.805      6.814 4
  20   26    -17.677     47.765     10.891 4
  23   28     17.197    -12.755      4.312 4
  -1   -2    -48.823      7.883     -4.136 4
  -1   38     28.940    -14.055      5.313 4
  -1   -2    -10.022    -31.013      3.111 4
  -1   -2    -15.840     43.638     13.065 4
  63   43    -27.841     15.622      5.192 4
  45   32     18.672    -31.349     11.306 4
  13   55    -16.734     26.474      8.112 4
  -1   30    -12.037     19.051      4.569 4
  40   59    -27.302     17.508      5.803 4
  -1   -2    -24.973      0.920     17.179 4
 372   44      6.404     13.121     11.562 4
  -1   -2     42.341     27.079     -4.324 4
  -1   -2      7.385     13.486     -1.558 4
  -1   31      6.676    -23.960      0.425 4
  90   76      7.972     35.068      7.608 4
  42   56     19.139    -20.178      7.826 4
  41   70    -20.855    -16.534      8.963 4
  -1   -2     39.240      3.953     11.683 4
  -1   -2    -48.974      0.902     11.481 4
  57   45    -17.625    -30.066     14.020 4
  -1  399     23.161    -31.245     -2.236 4
  -1   -2    -49.263     40.055     14.790 4
  44   54      1.211     21.943     10.071 4
  -1   -2     -0.474    -30.837     -8.051 4
  67   60    -13.724      6.482      8.288 4
  84   51    -29.129    -12.172     11.768 4
  78   52     12.529      1.133      6.195 4
  51   49     19.302      8.824      8.553 4
  -1   -2     38.444     51.738      2.511 4
  -1   -2    -13.008    -30.937      3.319 4
  -1   -2     39.451     50.197      6.057 4
  -1   -2    -37.044     22.838     10.491 4
 129   63      7.495     21.712      8.331 4
  -1  121     30.609     30.812      5.945 4
  -1   -2    -24.952     39.929      8.483 4
  75   72     -5.999     -6.993     11.049 4
  70   84    -29.573     31.717     11.588 4
 152   68     -6.793    -15.127      9.705 4
  -1   -2     -8.517    -20.721      9.800 4
  56   50    -20.762    -20.585     11.682 4
  93   75     -4.572      2.695      9.071 4
  -1   -2      8.602    -30.955    -15.232 4
  -1   -2     17.606    -31.055     15.031 4
  -1   -2     18.481     31.196      5.887 4
 105  200    -28.648    -18.304     10.571 4
 207  145     -6.406    -19.685      8.266 4
  -1   -2      6.007    -28.823    -21.348 4
  66   35      2.071      2.826     10.989 4
  69   89    -13.897     49.969     -1.765 4
  -1   -2     14.461    -30.778    -20.506 4
  -1   -2     21.997    -19.415      9.052 4
  -1   -2     16.469    -26.761      7.838 4
  -1   -2    -49.549     30.400     -5.206 4
  -1   -2    -50.279    -22.401     14.624 4
  -1   -2     39.436     26.041     21.092 4
  -1   -2    -33.301    -20.605     11.161 4
  -1   -2    -11.703     -9.895      5.783 4
 107  208     13.737    -10.254      9.459 4
  -1   -2    -29.340    -15.709     13.612 4
  91  210     -5.798     -9.184      6.456 4
  -1   -2     23.540    -21.733      6.504 4
 124  120     13.582     18.863      7.424 4
 100   78     21.596    -12.597      9.943 4
  -1   -2      9.137     -4.212     12.569 4
  -1   -2     11.515     49.781     -8.910 4
 132   90      5.311    -16.171      6.966 4
  -1   -2     39.060     -6.680      6.009 4
 127  122    -10.618     10.182      6.175 4
  -1   -2    -20.690     31.485      7.416 4
  -1   -2     10.941     38.022     10.592 4
  -1   -2     19.176     22.153      7.121 4
  -1   -2     11.260     20.504     10.019 4
  -1   -2     24.654      1.288     10.581 4
 169   74    -15.990     20.989      8.472 4
  53   95     13.195     22.287      6.266 4
  -1   -2     44.845     11.851      3.377 4
  68   93     -8.420      3.286      4.695 4
 123   85    -30.466     50.832    -12.677 4
  -1   -2    -43.757    -29.985     -8.009 4
  -1   -2     38.655     52.822      5.885 4
  -1   -2     -8.518    -30.063    -11.687 4
 156  156     10.985     -8.763      8.858 4
 159   94    -17.232    -14.721     10.871 4
  -1   -2     -4.508     -5.938     11.735 4
  -1   58     -6.943     39.622      1.992 4
 164  196     11.680      9.053      6.555 4
  -1   -2     22.011     -5.792      2.450 4
  89   99     18.687    -17.196      7.864 4
  -1  111      4.920     -0.973     11.432 4
  -1   -2    -15.862     -1.141     10.634 4
  -1   -2    -49.600     28.161      7.948 4
  -1   -2     12.798     12.675     11.486 4
 141  228     20.547     -4.363      8.265 4
 122  175     22.617      7.170      7.117 4
 210   98     21.912      9.761     13.606 4
 116  138     -3.961    -16.468      8.383 4
  -1   -2     22.550    -28.544     17.809 4
  -1   -2      4.559    -30.400    -19.775 4
  -1  153    -29.181     33.510     -0.360 4
  -1   -2      5.222     34.362      7.938 4
  -1   -2    -20.487     -9.647      9.834 4
  -1   -2     38.645      6.847     18.027 4
  -1   -2      1.769     32.680     -5.654 4
  -1   -2    -47.385      7.516     -1.297 4
  -1   -2    -16.429    -17.698     10.478 4
  -1   -2    -14.399     26.120      8.963 4
  -1   -2    -20.801     39.621     -7.228 4
  -1  123    -17.970     44.285      8.318 4
 222  135    -22.484     -4.126     11.942 4
  -1   -2    -30.768     -6.032      9.900 4
  -1   -2     28.007     37.486     10.401 4
 143  182     17.824     38.157    -11.077 4
  -1   -2    -16.813     39.782     12.199 4
 182  119     -8.634     -8.736      8.071 4
  -1   -2    -28.769    -26.309     -8.617 4
 178  128      2.653     42.889      4.204 4
  -1   -2     40.347      1.508    -13.699 4
 165  698     23.825     14.963      7.009 4
  -1   -2    -11.581      3.291    -14.588 4
  -1  157    -25.871    -22.419     10.879 4
  -1   -2    -45.723     15.243     21.315 4
  -1   -2     26.189    -12.315      7.897 4
  48  184     13.571      4.143      6.831 4
  74  102    -12.177     20.139      6.602 4
  -1   -2     -0.809     23.632      8.919 4
  -1   -2    -53.168     15.038    -22.489 4
  -1   -2     17.741     25.392      9.029 4
  -1   -2     25.931     -3.229    -18.954 4
  36   57    -23.055    -22.310     12.388 4
 177  108    -15.503     16.807      8.585 4
  -1   -2    -48.200      5.590      3.882 4
  -1   -2    -48.676      9.187     -2.056 4
  -1   -2    -41.578     31.081     -4.343 4
  -1   -2     37.591     27.361     -3.336 4
  -1   -2     15.980     40.789     13.267 4
  -1  256     19.405     -0.579     11.058 4
  -1  166      2.517     26.648     10.318 4
  -1   -2     27.186      3.150      7.073 4
  -1   -2     39.126     24.168      4.228 4
  -1   -2     -4.754     12.983      8.397 4
  -1   -2    -29.132    -15.040      5.799 4
  -1   -2    -48.241     37.182      8.465 4
  -1   -2    -33.773     35.901    -15.886 4
 175  192     15.968      0.325     11.369 4
  -1  140     -6.086     23.120      5.918 4
  -1   -2    -32.774    -18.510     12.814 4
  -1   -2    -19.253      2.925     11.675 4
 138  136    -56.520     16.911      3.766 4
 179  141    -34.289    -28.819     11.745 4
 215  237     14.493     -3.057      3.235 4
  -1   -2     17.535     30.942     11.139 4
  -1   -2    -16.523     -9.489      2.363 4
  -1   -2    -23.449    -11.260      8.599 4
  -1  115     22.189     15.975     11.966 4
  -1   -2     37.983     18.238     14.517 4
  -1   -2    -31.727     -4.116     11.294 4
  -1   -2     -9.109      2.322     12.079 4
  -1   -2    -39.835     34.236     -1.072 4
  -1   -2     10.491     -0.547      8.879 4
  -1   -2     26.657     40.204     -2.706 4
 198  103    -24.819      9.196     12.595 4
  -1   -2    -33.688     -3.068      8.813 4
 181  181    -10.839     10.903     11.105 4
  -1   -2     39.461     41.053     13.111 4
 275  218    -22.716     -2.633    -22.269 4
  -1   -2     11.171     24.166      8.894 4
  -1  118      5.152     -5.329     10.671 4
  -1   -2    -53.199    -11.459    -15.727 4
 183  190    -30.524      0.885      2.543 4
  -1   -2    -29.552    -13.470      0.981 4
 130  697     10.704     -3.438      6.206 4
  -1  165      3.200     41.869      0.715 4
  -1   -2    -13.405    -25.197      0.600 4
  -1  216     -6.366     11.861      8.304 4
  -1   -2     16.499     11.225      8.770 4
  -1   -2     29.812     21.485      3.986 4
  -1   -2      2.587    -24.252     20.720 4
 247  177    -26.808     30.423     11.633 4
  -1   -2    -27.547    -12.911      9.305 4
  -1   -2    -16.480     -9.988      6.888 4
  -1  183    -57.033    -14.867    -21.119 4
  -1   -2    -15.830     23.942    -19.758 4
 161  161     -2.326    -21.034      5.911 4
 656  158      8.662      3.151      8.030 4
  -1  197     10.765      7.543      7.639 4
  -1   -2     -2.743    -13.005      7.302 4
  -1   -2    -30.584     28.831     12.175 4
  -1   -2     38.584     -0.890     12.071 4
 128  162    -28.702     -8.660      2.859 4
  -1   -2     38.277    -21.335      3.030 4
  -1   -2     14.099    -26.348    -12.066 4
  -1   -2     48.334     31.040     -5.981 4
  -1   -2      7.300     17.075      5.312 4
  -1   -2     37.655     34.653     -0.108 4
  -1   -2    -24.131     12.130      3.328 4
  -1   -2    -24.805     45.843      3.834 4
  -1   -2     25.607    -26.780      9.445 4
  -1   -2     39.362     -4.184     11.653 4
  -1   -2      8.927    -11.640    -22.041 4
  -1   -2    -17.551     18.601      9.891 4
  -1   -2    -11.461      8.497      8.803 4
  -1   -2     24.165     24.255      2.105 4
  -1   -2     -7.897     26.791      7.189 4
  -1   -2     48.948     23.136      2.255 4
  -1   -2     -5.583     18.125      9.640 4
  -1   -2    -20.495     40.270     12.759 4
  -1   -2    -46.839     28.060     12.912 4
  -1   -2    -58.921     -7.621    -12.204 4
  -1   -2    -24.662     22.881      6.516 4
  -1   -2    -21.938     10.196      6.254 4
  -1   -2    -24.332      4.677     11.289 4
  -1   -2      3.808     38.221     -7.601 4
  -1   -2     25.784     21.746     10.282 4
  -1   -2    -56.611     18.764     12.372 4
  -1   -2    -19.686     37.447    -17.838 4
  -1   -2    -50.135    -11.639      3.707 4
  -1   -2     -0.051     20.918      6.781 4
  -1   -2    -16.506      4.824     -4.260 4
  -1   -2    -20.733      4.597     13.017 4
  -1   -2     27.121     34.726     15.607 4
 234  325     -1.115      0.672      9.646 4
  -1   -2     -2.543     -0.994    -11.264 4
  -1   -2    -20.515     -3.437     11.623 4
  -1   -2     23.668     19.864      7.058 4
  -1   -2     37.649     47.540     -2.339 4
  -1   -2     39.155     35.301      1.898 4
 160  194     14.379     -8.883      8.607 4
  -1   -2    -12.498    -16.568      8.085 4
  -1   -2    -39.726    -27.271     -0.887 4
  -1   -2    -49.964    -22.008      5.857 4
 194  149    -12.422      3.625      8.452 4
  -1   -2     30.010      6.519      3.779 4
  -1   -2     36.280    -26.145     -1.731 4
 255  241    -57.766     -7.991     -6.187 4
  -1   -2     28.038     47.184    -10.372 4
  -1   -2    -13.665    -30.494     12.005 4
  -1   -2    -12.268     47.935     17.046 4
 185  203    -18.567     -5.614      8.796 4
  -1   -2     12.353     51.248     24.765 4
 257  231    -60.734     24.409      6.502 4
  -1   -2    -25.836      5.722    -26.385 4
  -1   -2     -0.707     16.700      9.548 4
  -1   -2    -13.424     37.552    -13.768 4
  -1   -2     21.604     45.919      6.413 4
  -1   -2    -48.624     -3.204      1.576 4
  -1   -2     16.858     28.208     15.039 4
  -1   -2    -16.377     44.283     -9.838 4
  -1   -2     27.214     -9.927    -19.574 4
  -1   -2     16.401     -7.847     11.125 4
  -1   -2    -60.029      5.539      3.124 4
  -1   -2     11.942     -4.597      8.866 4
  -1   -2    -17.554    -25.951     -3.830 4
  -1   -2      5.481    -18.703     -1.480 4
  -1   -2    -59.292     29.983      2.667 4
  -1   -2    -61.025      5.068      9.198 4
  -1  201     50.111      4.623      5.121 4
  -1   -2    -48.765     -6.880      3.407 4
  -1   -2    -62.151    -13.170      0.545 4
  -1   -2    -33.053    -26.944    -12.227 4
  -1   -2     17.599     -2.109     12.566 4
  -1   -2    -57.423      3.863     -4.911 4
  -1   -2      1.122    -16.330      9.105 4
  -1   -2     27.243     -8.411    -12.461 4
  -1   -2     31.758     33.747      8.025 4
  -1   -2     -1.360     43.303     -8.117 4
  -1   -2      4.715     36.020      4.838 4
  -1   -2     49.487      6.240     -0.456 4
  -1   -2    -26.261     42.883     14.549 4
  -1   -2    -19.004     -9.075     10.098 4
  -1   -2    -51.836    -26.350    -16.064 4
 321  291    -59.740      0.052    -18.581 4
  -1   -2     -3.494     -4.074     17.723 4
  -1   -2    -49.917     -8.710      1.432 4
  -1   -2      3.661      7.071     -1.422 4
  -1   -2    -16.757     -3.742      1.932 4
  -1   -2    -57.551     -3.209    -14.062 4
  -1   -2     11.185     41.308     -7.386 4
  -1   -2    -13.965     -2.631    -15.663 4
  -1   -2     -1.369     30.659     15.288 4
  -1   -2     27.128    -10.656     -8.496 4
  -1   -2     20.732    -10.317     14.799 4
 316  310    -21.516      0.093     20.788 4
  -1   -2    -19.425     30.327     10.792 4
  -1   -2     23.024    -10.135     -2.761 4
  -1   -2     -8.872     13.704     10.861 4
  -1   -2    -37.764    -23.266     12.566 4
 610  344    -40.265    -22.318     14.482 4
  -1   -2      3.388    -20.085     -1.006 4
  -1   -2    -16.315      7.871     17.685 4
  -1   -2    -58.882      7.022     -9.195 4
  -1   -2     -8.467    -10.167      1.316 4
  -1   -2    -16.317      3.056      1.324 4
  -1   -2      0.394     27.620     -8.509 4
  -1   -2    -17.982     10.557     16.222 4
  -1   -2      0.645     18.525     -0.736 4
  -1   -2     13.418      5.489    -14.288 4
  -1   -2     20.724     14.873      9.028 4
  -1   -2    -34.105     16.185    -21.234 4
  -1   -2    -16.571     12.198    -20.982 4
  -1   -2    -11.872     26.413     21.522 4
  -1   -2    -13.010     33.337     -5.017 4
  -1   -2    -12.715     -5.216     11.027 4
  -1   -2     28.766     12.132    -13.912 4
  -1   -2    -35.697     48.675     -8.998 4
  -1   -2    -55.800    -11.404    -16.812 4
  -1   -2    -27.328     41.521     -8.114 4
  -1   -2     -0.906      9.087    -20.797 4
  -1   -2    -14.814     13.464     19.129 4
  -1   -2    -44.438    -27.707    -16.963 4
  -1   -2     12.141    -21.818     -3.674 4
  -1   -2    -16.766    -11.478     18.866 4
  -1   -2      0.082     37.612     -4.110 4
  -1   -2     16.221     34.222     -1.474 4
  -1   -2     -8.291    -23.490      2.156 4
  -1   -2    -35.255      3.315    -13.951 4
  -1   -2    -61.999     -8.834     -1.876 4
  -1   -2     -8.225      5.345     13.706 4
  -1   -2     13.433     33.364     -2.774 4
  -1   -2    -12.249     -6.218    -20.057 4
  -1   -2    -48.966     18.120     14.022 4
  -1   -2    -46.443    -31.012     -3.601 4
  -1   -2    -36.065     38.477      2.703 4
  -1   -2     23.833    -28.888     18.439 4
 473  447    -49.274     21.982      2.306 4
  -1   -2      9.346     13.345      8.278 4
  -1   -2    -50.237     43.710     -1.033 4
  -1  378     36.038     11.300      0.121 4
  -1   -2    -48.953     12.373      1.950 4
  -1   -2     28.096    -29.985     21.835 4
  -1   -2     35.096     -8.311      7.697 4
  -1   -2    -52.129     19.961    -23.241 4
  -1   -2     50.158      7.159     10.810 4
  -1   -2     18.415    -30.889     14.992 4
  -1   -2     39.893     37.514     -7.664 4
 371  699     30.312    -29.765     10.976 4
  -1   -2     -3.632    -14.315      8.799 4
  -1   -2     34.068     -4.507     10.427 4
  -1   -2     38.448     49.608      6.838 4
  -1   -2    -35.225     40.871      7.467 4
  -1   -2     23.729    -31.482      9.874 4
  -1   -2    -48.934     14.939     14.211 4
  -1   -2    -49.539     20.795      1.152 4
  -1   -2      9.552    -32.534      4.453 4
 380  700     20.823    -31.928      6.737 4
  -1   -2     12.343    -31.203     -8.051 4
  -1   -2     38.487     46.167      5.241 4
  -1   -2     24.592    -31.599     -3.913 4
  -1   -2    -52.829      7.214      2.562 4
  -1   -2     37.429     11.049     13.686 4
 385  392    -48.073     24.631      6.703 4
  -1   -2     19.236    -32.079      6.592 4
  -1   -2    -49.370    -21.174     -2.929 4
  -1   -2    -63.586      7.371      6.738 4
  -1   -2    -46.374      5.592     20.341 4
  -1   -2    -36.146     44.442     -6.236 4
  -1   -2     34.880    -11.168      9.582 4
 401  387     56.146     14.197     15.722 4
  -1  389     10.360    -29.883      2.288 4
  -1   -2    -49.191      9.823      9.699 4
 392  428    -58.707     -5.162     13.895 4
  -1   -2     30.116    -30.687      3.300 4
  -1   -2    -35.836     10.264     13.127 4
 412  423     50.214     13.554      5.932 4
  -1   -2     17.634     -5.394      7.522 4
  -1   -2    -12.345    -23.939     22.775 4
  -1   -2     33.761    -30.848      4.257 4
  -1   -2     37.257     30.172    -16.879 4
  -1   -2    -56.777     -1.139    -18.103 4
  -1   -2      2.988     22.917      7.629 4
  -1   -2    -24.984     17.105      7.642 4
  -1   -2     14.264    -32.342      4.448 4
  -1   -2    -58.888    -20.961    -23.692 4
  -1   -2     28.408     23.052    -12.633 4
  -1   -2     19.295    -32.061     13.247 4
  -1   -2     27.392      6.840    -14.310 4
  -1   -2    -48.647     40.753      0.570 4
  -1   -2     16.385     54.033     -9.325 4
  -1   -2     21.912    -31.753      5.455 4
  -1   -2     -6.960     -6.921      9.193 4
  -1   -2    -46.153     18.959     19.761 4
  -1   -2    -18.991    -19.922     10.194 4
  -1   -2    -45.629     53.633      8.227 4
  -1   -2     20.463    -21.990    -21.677 4
  -1   -2    -25.599     20.391    -10.318 4
  -1   -2     19.548     41.616     14.093 4
  -1   -2    -38.839    -13.962     11.017 4
  -1   -2     11.264     46.223     28.863 4
  -1   -2     25.509    -33.062      5.841 4
  -1   -2     37.479      0.402     -8.391 4
 390  475     54.663     17.822     -0.704 4
  -1   -2    -45.612    -14.627     17.680 4
  -1   -2     52.691     19.455     -7.243 4
  -1   -2    -51.769     42.109    -15.714 4
  -1   -2    -48.358     32.151    -17.277 4
  -1   -2     12.427     40.220     10.548 4
  -1   -2     23.757     50.259      7.257 4
  -1   -2    -48.478     52.197     -8.611 4
  -1   -2    -24.518     24.159    -26.002 4
  -1   -2    -47.899     27.895    -20.972 4
  -1   -2      2.534    -12.282    -12.005 4
  -1   -2     39.344     16.721     10.937 4
  -1   -2      2.766      8.520    -14.143 4
  -1   -2    -60.356     42.565     16.759 4
 501  517    -37.853     36.357    -13.311 4
  -1   -2     39.448     28.977     21.059 4
  -1   -2    -48.848     47.299    -28.398 4
 461  600    -50.286     23.856      0.082 4
  -1   -2    -51.705      8.234    -13.499 4
  -1   -2    -52.879    -28.680      5.487 4
  -1   -2    -51.681     27.488    -10.265 4
  -1   -2     10.546     -4.165     11.436 4
  -1   -2    -48.027      1.702     -9.705 4
  -1   -2    -53.851     -0.900     13.237 4
  -1   -2     24.807    -15.150     19.827 4
  -1   -2     36.015      5.974      5.838 4
 456  445    -49.514    -14.467      4.502 4
  -1   -2      1.205     -6.826      4.678 4
  -1   -2     18.287    -29.819     -3.746 4
  -1   -2     35.843     -1.134    -16.619 4
 465  462     55.691     -5.515      9.399 4
  -1   -2    -58.267     27.731    -22.432 4
  -1   -2    -52.227     42.781     -6.580 4
  -1   -2     36.760    -15.815     -0.815 4
  -1   -2    -42.680    -15.854    -20.956 4
  -1   -2    -59.605      1.461     10.529 4
  -1   -2     30.955    -24.029     -9.408 4
  -1   -2     19.118     23.643     11.546 4
  -1   -2      7.323     16.003      6.762 4
  -1   -2     18.708     39.165     13.715 4
  -1   -2    -40.411    -24.899     16.769 4
  -1   -2    -49.596     26.714      1.186 4
  -1   -2    -36.075    -10.299    -24.822 4
  -1   -2     21.613    -33.598    -12.309 4
  -1   -2    -59.231    -19.369    -14.951 4
  -1   -2    -51.073      5.593      1.688 4
  -1   -2    -54.145    -28.061     16.698 4
  -1   -2     12.790     -0.353     19.596 4
  -1   -2    -45.405     50.624     16.116 4
  -1   -2    -53.544     17.238      8.052 4
  -1   -2    -60.578     34.122      6.125 4
  -1   -2    -49.483     38.319     17.214 4
  -1   -2     23.255     37.465     -0.604 4
  -1   -2    -49.806     -5.772      0.267 4
  -1   -2    -22.873    -16.073     -3.398 4
  -1   -2     16.397    -22.585    -13.268 4
  -1   -2     -5.154     11.880    -10.674 4
  -1   -2    -48.248      8.218    -13.425 4
  -1   -2     50.546    -14.562     13.865 4
  -1   -2    -32.497    -15.496      6.330 4
  -1   -2    -22.106     41.160      6.800 4
  -1   -2    -43.987     -9.358     12.124 4
  -1   -2    -53.076      0.599    -22.609 4
  -1   -2    -23.233     19.833     21.993 4
 485  481    -59.375    -13.076      5.587 4
  -1   -2    -16.717     -1.990     17.261 4
  -1   -2      8.210    -16.165     23.984 4
  -1   -2     49.535      5.700    -17.319 4
  -1   -2     33.880    -33.046      0.941 4
  -1   -2     36.821     28.077     11.708 4
  -1   -2     15.783    -32.656      8.104 4
  -1   -2     49.312    -14.789      4.619 4
  -1   -2     26.671    -25.033      9.716 4
  -1   -2     16.129     -8.874    -14.272 4
  -1   -2    -20.830     -6.460    -24.202 4
  -1   -2    -42.997     19.147     -6.638 4
  -1   -2    -49.598     -0.927      5.177 4
  -1   -2    -14.027     21.063      9.849 4
  -1   -2    -24.974    -15.720      2.030 4
  -1   -2     23.376     30.527    -17.628 4
  -1   -2     -8.008     42.261      4.935 4
  -1   -2     36.339     40.414     21.803 4
  -1   -2     40.365    -12.754    -18.339 4
  -1   -2     11.088    -26.631     -3.513 4
  -1   -2     43.152     -7.512      3.304 4
  -1   -2    -11.687     25.692      7.320 4
  -1   -2     23.172    -17.868      7.427 4
  -1   -2    -28.019      1.269      0.251 4
  -1   -2    -53.339      1.101      9.143 4
  -1   -2    -59.791     12.648    -12.093 4
  -1   -2    -13.343    -32.069      2.180 4
  -1   -2    -51.046     30.945    -15.985 4
  -1  515     18.683     15.151     12.486 4
  -1   -2     21.043     22.680      9.981 4
  -1   -2    -39.870     44.114     11.611 4
  -1   -2     15.068      1.862     17.020 4
  -1   -2     26.239    -18.880    -17.456 4
  -1   -2     -4.943     30.663      7.591 4
  -1   -2    -50.274     30.019     -1.056 4
  -1   -2      0.650    -14.574     10.670 4
  -1   -2     28.010     -5.449    -12.986 4
  -1   -2     46.706    -25.794     10.813 4
  -1   -2     46.845     42.478     13.616 4
 523  523     51.026      2.476     13.031 4
  -1   -2    -50.168      1.171     10.774 4
  -1   -2     39.337     29.522      6.398 4
  -1   -2      1.837    -23.210      7.252 4
  -1   -2     47.620     21.836    -12.378 4
  -1   -2     17.601     51.549     18.472 4
  -1   -2      7.910     25.441      8.161 4
  -1   -2     -1.646     -1.833     22.355 4
  -1   -2    -58.507     20.781     12.272 4
  -1   -2     48.988     -8.047     12.264 4
  -1   -2     42.700     16.367      2.037 4
  -1   -2    -61.202    -11.821     -6.713 4
  -1   -2      4.236     17.330      8.907 4
  -1   -2     12.882     14.929     25.494 4
  -1   -2    -39.307      5.505    -14.719 4
  -1   -2      1.830     41.133    -19.324 4
  -1   -2    -28.940    -17.795      9.901 4
  -1   -2     37.988    -24.478     21.598 4
  -1   -2    -11.710     35.057    -36.040 4
  -1   -2     35.951     50.888      6.692 4
  -1   -2    -59.981     14.715    -18.950 4
  -1   -2     38.415     22.252      0.293 4
 409  540    -57.997     34.973    -23.842 4
  -1   -2     -9.619     37.065    -17.818 4
  -1   -2     42.661     51.744     17.512 4
  -1   -2      7.534     31.111    -12.327 4
  -1   -2     35.078    -26.501    -27.239 4
  -1   -2      1.219     33.933      7.493 4
  -1   -2      6.898     31.839    -27.769 4
  -1   -2    -35.907     -2.260    -19.974 4
  -1   -2    -56.093    -23.228      0.128 4
  -1   -2     54.849     -7.792      6.645 4
  -1   -2    -42.005     -8.408      5.301 4
  -1   -2    -27.715     35.167     17.950 4
  -1   -2     -7.618     34.763      4.851 4
  -1   -2     53.670     21.124     -2.833 4
  -1   -2    -11.103    -15.942      3.981 4
  -1   -2    -17.876    -15.564    -16.860 4
  -1   -2     -0.189    -25.891     -5.194 4
  -1   -2     15.255     48.123     25.894 4
  -1   -2     19.025      5.074      8.795 4
  -1   -2    -20.911     13.251      7.417 4
  -1   -2     -9.809      2.326    -24.578 4
  -1   -2     -6.542     21.997     13.342 4
  -1   -2     14.921      4.403     18.919 4
  -1   -2    -29.469     50.522      1.006 4
  -1   -2     17.891    -11.398    -20.008 4
  -1   -2    -31.709    -25.433    -16.597 4
  -1   24      1.136    -30.638    -13.882 4
  -1   -2     30.155     -0.930    -10.664 4
  -1   -2     -9.404     22.114     22.158 4
  -1   -2      0.288     39.365    -22.121 4
  -1   -2     48.116     30.413     13.962 4
  -1   -2     51.471     29.535     -5.830 4
  -1   -2    -21.780     -2.071    -16.905 4
  -1   -2    -20.118    -30.446     -7.778 4
  -1   -2      6.628     20.490     -4.220 4
  -1   -2     20.036     18.704    -22.754 4
  -1   -2    -39.897      7.995      8.860 4
  -1   -2    -24.290    -13.289     10.326 4
  -1   -2    -49.884    -31.803      6.905 4
  -1   -2    -12.869     -9.687      1.690 4
  -1   -2    -26.081      4.714     -0.660 4
  -1   -2      9.182      0.850     -7.283 4
  -1   -2     47.482     -5.715     17.510 4
  -1   -2    -33.681     -4.189     -9.535 4
  -1   -2     25.156      6.979     21.446 4
  -1   -2     39.990     -2.784     23.769 4
  -1   -2    -34.505     12.408    -22.701 4
  -1   -2    -13.057     30.872     31.434 4
  -1   -2      7.980      7.881     20.861 4
  -1   -2    -35.032     22.009     -9.535 4
  -1   -2    -52.254    -10.869    -11.779 4
  -1   -2     10.119     35.695     -9.385 4
  -1   -2     -2.537     37.204     -4.775 4
  -1   -2     52.518     19.285      3.658 4
  -1   -2    -61.363     22.509    -18.260 4
  -1   -2    -14.491     -2.168     18.819 4
  -1   -2     25.024     -9.622    -22.615 4
  -1   -2    -16.065     -0.808      6.408 4
  -1   -2    -57.648      9.261     18.832 4
  -1   -2     18.586     15.950      2.715 4
  -1   -2    -59.438     47.343    -21.570 4
  -1   -2     -4.223     46.915      6.552 4
  -1   -2      0.800     11.669     -5.304 4
  -1   -2      8.729     29.259     -3.226 4
  -1   -2     26.478      0.091    -19.368 4
  -1   -2    -30.667      7.974     -6.959 4
  -1   -2    -31.129    -13.771      9.440 4
  -1   -2    -32.931     52.033      6.084 4
 511  588     56.605     11.208     12.698 4
  -1   -2      6.056     34.728     31.130 4
  -1   -2    -45.334    -23.568     11.033 4
  -1   -2      2.014     39.051     13.045 4
  -1   -2     38.118     38.356      2.791 4
  -1   -2      6.947      6.006     -8.680 4
  -1   -2    -20.094    -12.809     -6.435 4
  -1   -2     15.909     48.191      7.099 4
  -1   -2    -29.108     13.143      5.921 4
  -1   -2    -46.042     29.949      5.416 4
 534  634    -55.327     47.319    -18.517 4
  -1   -2     45.260    -24.834     -1.415 4
  -1   -2     10.256      8.485     17.875 4
  -1   -2    -34.651     26.831    -12.727 4
  -1   -2    -60.827     45.989      4.788 4
  -1   -2     38.225     -0.515      7.813 4
  -1   -2      7.685     41.461    -33.408 4
  -1   -2      5.391    -17.341     18.145 4
  -1   -2    -39.987    -15.969     -6.571 4
  -1   -2     28.178     37.933    -13.285 4
  -1   -2    -30.076     25.449     -5.295 4
  -1   -2     -1.189     50.770      5.821 4
  -1   -2    -62.449    -18.733     -7.622 4
  -1  636     49.929     44.070      9.381 4
  -1   -2     -1.450    -10.598    -23.500 4
  -1   -2    -13.942     16.465     12.369 4
  -1   -2    -22.177     -4.418      5.189 4
  -1   -2     28.175     42.832    -12.021 4
  -1   -2    -54.406     15.929     18.739 4
  -1   -2     26.040     18.486    -10.432 4
  -1   -2     -2.845     33.012    -10.881 4
  -1   -2     13.748     26.990      7.455 4
  -1   -2    -36.628     12.168     13.823 4
  -1   -2    -64.282      3.934      2.746 4
  -1   -2    -37.971    -19.912     -5.058 4
  -1   -2    -15.012     14.227    -20.145 4
  -1   -2    -57.619     47.264     -1.970 4
  -1   -2     45.913     -9.499     23.404 4
  -1   -2      7.123    -32.695      0.636 4
  -1   -2    -62.291     32.949      9.251 4
  -1   -2     39.756     32.446     23.109 4
  -1   -2    -27.928     -9.194    -14.720 4
  -1   -2     51.076     17.684     -2.943 4
  -1   -2    -18.178      3.539     -4.505 4
  -1   -2     -3.588     22.050     12.720 4
  -1   -2    -62.901     31.011      1.745 4
  -1   -2     -5.167    -31.996    -16.900 4
  -1   -2    -62.242      9.455      8.574 4
  -1   -2     44.276     22.561     -6.498 4
  -1   -2      9.162    -14.610    -11.511 4
  -1   -2    -61.805     39.171     -8.233 4
  -1   -2     51.074      8.866      4.748 4
  -1   -2      6.698     -6.144     18.927 4
  -1   -2     -2.896      8.820    -21.549 4
  -1   -2      0.797      6.620    -15.969 4
  -1   -2     -6.522     31.904    -28.221 4
  -1   -2     -3.385     24.653     15.035 4
  -1   -2     47.680     37.350     -4.374 4
  -1   -2     53.814     40.048      7.846 4
  -1   -2    -58.358      2.077     -7.283 4
  -1   -2    -50.846    -22.233    -11.253 4
  -1   -2    -61.869     36.773     -4.034 4
  -1   -2    -33.391     -4.511     15.438 4
  -1   -2     14.638    -20.465    -10.957 4
  -1   -2    -59.842    -27.471     -6.783 4
  -1   -2    -26.112     52.622     -8.204 4
  -1   -2    -37.779     -3.496      6.600 4
