657
  -1    0     22.152     41.013      9.363 4
  -1    4     22.199     31.135      6.724 4
  -1    1     10.332     13.348      9.304 4
  -1    2     24.175     35.969      9.994 4
  -1    6    -21.965     35.382     11.189 4
  -1    5    -26.198     45.037     12.021 4
  -1   -2     38.151     23.031     17.359 4
  -1    3    -26.051      1.062     12.885 4
  -1   -2     15.194    -31.242     10.308 4
  -1    8     38.236     11.262     -0.551 4
  -1   16      8.693     28.874     10.762 4
  -1   15     13.843     15.889      4.106 4
  -1   20      7.764     33.199      9.963 4
  -1   36    -16.141     26.459      7.871 4
  -1   17    -23.046     48.823     -0.331 4
  -1   23      9.646    -14.653     10.589 4
  -1   12    -33.413     -9.979     10.750 4
  -1   -2     -7.004    -28.832    -18.776 4
  -1   25      1.569     -6.716      6.671 4
  -1   19    -11.319      1.793      3.787 4
  -1   28    -17.412     47.793     10.704 4
  -1   -2    -17.256     18.922     11.427 4
  -1   -2    -49.082     16.546     11.130 4
  -1   29     16.464    -12.944      4.740 4
  -1   26      5.892      9.889     10.922 4
  -1   14     -5.303     36.988      2.851 4
  -1   13     -4.567     33.968      0.097 4
  -1   21     27.758    -30.815      5.730 4
  -1   -2      3.070    -27.212     10.003 4
  -1   -2    -48.290     34.059      8.109 4
  -1   -2    -35.679     29.580      6.932 4
  -1   -2    -14.707    -30.064     12.776 4
  -1    7    -10.631     36.734      2.065 4
  -1   -2     19.305     21.939      7.490 4
  -1   27    -16.814    -20.488      6.911 4
  -1   -2     38.416     51.820      2.828 4
  -1  158    -23.834    -22.136     12.508 4
  -1   -2     -1.558    -30.847    -12.222 4
  -1   -2    -45.904     15.389     18.847 4
  -1   -2    -15.685     43.627     11.973 4
  -1   38    -27.050     17.423      5.573 4
  -1   46    -21.081    -16.298      9.136 4
  -1   45     17.905    -20.455      8.246 4
  -1   -2     39.248     10.498     12.367 4
  -1   52      1.087     22.291      9.948 4
  -1   35     18.657    -31.321     11.600 4
  -1   -2    -48.277     39.930     14.367 4
  -1   -2     19.656    -19.488     14.048 4
  -1  152     13.824      4.038      7.382 4
  -1   -2     28.043     39.843     10.740 4
  -1   -2      8.459     43.516      8.029 4
  -1   57     19.623      8.613      9.086 4
  -1   -2     39.482      3.878     13.567 4
  -1  104     13.313     22.004      6.601 4
  -1   -2     22.206    -30.911      3.041 4
  -1   -2     23.618     23.694      7.201 4
  -1   69    -21.501    -20.712     11.951 4
  -1   49    -17.613    -30.060     14.027 4
  -1   -2    -11.813     19.200      3.983 4
  -1   -2    -47.502      7.749     -7.848 4
  -1   -2    -10.101    -31.119      2.641 4
  -1   -2     34.854     50.620    -10.306 4
  -1   -2     -9.384    -20.946     10.282 4
  -1   34    -27.762     15.548      4.389 4
  -1   -2     40.748     28.140     13.244 4
  -1   -2    -11.670     -9.579      6.081 4
  -1   77      2.266      2.962     11.132 4
  -1   54    -13.644      6.732      8.156 4
  -1  106     -8.026      3.339      4.846 4
  -1   78    -13.384     49.944     -2.601 4
  -1   66    -29.331     31.727     11.671 4
  -1   -2    -12.989    -11.365      9.430 4
  -1   -2    -24.862     39.987      8.334 4
  -1   -2    -13.012    -30.915      4.776 4
  -1  153    -11.975     20.270      6.381 4
  -1   65     -5.972     -6.839     11.311 4
  -1   -2     -6.298     39.641     -1.349 4
  -1   -2      8.041    -30.045     -9.824 4
  -1   56     13.077      1.029      6.942 4
  -1   -2      0.677    -31.078    -13.085 4
  -1   -2     39.416     -8.281     11.932 4
  -1   -2     11.960     49.681     -4.537 4
  -1   -2    -38.246    -23.172     11.371 4
  -1   -2      5.415    -24.327      2.090 4
  -1   55    -29.162    -11.961     12.105 4
  -1   -2     14.447    -30.737    -19.730 4
  -1   -2      9.210     -4.288     12.904 4
  -1   -2    -36.676     22.852     11.311 4
  -1   -2    -15.835     -0.764     10.746 4
  -1  117     18.217    -17.340      8.176 4
  -1   44      8.272     34.859      7.732 4
  -1   89     -5.974     -9.339      6.742 4
  -1   -2    -14.641     39.428     -1.609 4
  -1   70     -3.961      2.810      9.018 4
  -1   -2    -51.413     30.459     -5.632 4
  -1   -2     17.975    -31.228     12.777 4
  -1   -2     18.532    -26.314     -5.906 4
  -1   -2      9.677     51.842     18.095 4
  -1   -2    -31.304     28.708     11.297 4
  -1   -2     16.784      3.429      6.503 4
  -1   92     21.311    -12.862     10.133 4
  -1   -2     42.564     28.023      6.700 4
  -1   -2     10.945    -30.535    -17.229 4
  -1   -2     -4.504     -5.755     12.035 4
  -1   -2      8.071    -26.536      2.382 4
  -1   74    -28.980    -17.492     10.635 4
  -1   -2     10.122     20.395      8.138 4
  -1   87     13.412    -10.374      9.814 4
  -1   -2     25.950     21.057      7.080 4
  -1   -2     40.511      1.552    -13.654 4
  -1   -2     22.273    -22.244      6.518 4
  -1   -2    -50.234    -22.273     15.149 4
  -1   -2    -29.349    -14.518      5.743 4
  -1   -2     -7.394     27.096      7.031 4
  -1   -2    -29.702     28.601      9.282 4
  -1   -2    -29.749    -22.233      6.236 4
  -1  125     -4.696    -16.730      8.757 4
  -1   -2     25.221    -26.489      9.695 4
  -1   -2     25.967    -12.946      8.880 4
  -1   -2      8.611    -11.808    -20.245 4
  -1   -2     21.343     -9.782      6.152 4
  -1   -2     12.898     12.559     11.758 4
  -1  123     23.085      6.576      7.347 4
  -1  107    -30.469     50.773    -14.002 4
  -1   91     13.703     18.681      7.866 4
  -1   -2    -20.141     39.708     -5.677 4
  -1   -2    -20.503     31.409      0.772 4
  -1   97    -10.580     10.353      6.402 4
  -1  218    -28.484     -8.738      3.619 4
  -1   62      7.478     21.915      8.666 4
  -1  200     10.773     -3.573      6.651 4
  -1   -2    -27.659     42.875     12.150 4
  -1   95      4.625    -16.508      7.344 4
  -1   -2     28.418     36.820      9.616 4
  -1   -2    -30.905     -5.598     10.062 4
  -1   -2    -19.944     36.922    -15.127 4
  -1   -2    -19.551     24.123    -23.669 4
  -1   -2    -48.999      5.801      4.717 4
  -1  177    -56.591     16.915      3.873 4
  -1   -2    -29.229     33.536     -0.160 4
  -1   -2    -21.604     42.845     13.030 4
  -1  122     20.563     -4.664      8.705 4
  -1   -2     21.599     50.802      9.892 4
  -1  141     17.913     37.688    -12.274 4
  -1   -2      4.713     -1.026     11.076 4
  -1   -2     39.125     -6.028      8.044 4
  -1   -2      2.975     23.321      9.802 4
  -1   -2    -53.165    -11.390    -15.470 4
  -1   -2    -20.632     -9.463     10.106 4
  -1   -2     39.095     38.095      2.727 4
  -1   -2    -47.953      0.989     10.752 4
  -1   -2     37.526     49.091      1.215 4
  -1   67     -7.505    -15.322     10.377 4
  -1   -2     -2.008     22.209    -13.786 4
  -1   -2     -6.504      2.311     16.688 4
  -1   -2     -4.614    -30.885    -11.938 4
  -1  111     10.644     -8.990      9.091 4
  -1   -2    -48.750      9.346     -2.334 4
  -1   -2    -43.708    -29.984     -8.056 4
  -1  112    -17.309    -14.318     11.097 4
  -1  256     14.196     -9.034      8.983 4
  -1  212     -3.220    -21.022      6.328 4
  -1   -2     -3.759     22.514     10.884 4
  -1   -2     -4.648     13.286      8.479 4
  -1  115     11.921      8.942      6.941 4
  -1  147     23.974     14.461      7.791 4
  -1   -2    -49.659    -11.903     -0.046 4
  -1   -2     14.543     40.498     20.176 4
  -1   -2     -7.711    -13.977      8.465 4
  -1  103    -15.795     21.171      8.352 4
  -1   -2    -17.780     44.369     13.318 4
  -1   -2      9.179    -24.285      6.845 4
  -1   -2    -12.578    -16.586     -2.100 4
  -1   -2     -1.894     48.084    -10.122 4
  -1   -2      1.951     32.598     -5.371 4
  -1  173     16.226      0.327     11.732 4
  -1   -2      7.078    -22.899     10.071 4
  -1  159    -15.477     16.931      8.333 4
  -1  145      2.980     42.698      3.639 4
  -1  178    -34.399    -28.858     12.462 4
  -1   -2      2.277     26.862      9.367 4
  -1  192    -10.796     11.183     11.210 4
  -1  143     -8.578     -8.490      8.353 4
  -1  198    -30.386      0.850      2.784 4
  -1   -2     26.109     18.437      8.737 4
  -1  267    -18.462     -5.353      9.132 4
  -1   -2     45.234     12.681     10.289 4
  -1   -2     26.445     -3.986    -18.231 4
  -1   -2    -16.609     -9.366      2.288 4
  -1   -2     23.946     19.312      7.012 4
  -1   -2     10.893     -0.605      8.177 4
  -1   -2    -49.549    -21.646      3.704 4
  -1   -2      5.031     41.756      4.881 4
  -1   -2     22.346     15.882     14.175 4
  -1  260    -12.247      3.830      8.374 4
  -1   -2    -46.829     27.964     12.299 4
  -1   -2     26.250      1.146     18.471 4
  -1   -2     39.380     17.592     11.812 4
  -1  190    -24.824      9.353     12.435 4
  -1   -2     27.363    -19.832    -19.886 4
  -1   -2     -2.107     19.826      7.581 4
  -1   -2     38.606      7.044     15.006 4
  -1   -2     36.469     28.211     10.364 4
  -1   -2    -33.267      4.428     10.783 4
  -1   -2     21.073     17.740     12.396 4
  -1   -2    -17.637     -3.084      7.820 4
  -1   -2    -24.814     24.192    -18.471 4
  -1   75     -7.498    -20.037      9.598 4
  -1   -2    -37.752    -12.237      3.655 4
  -1   -2    -33.052      1.095     11.320 4
  -1  124     22.114      9.664     13.906 4
  -1   -2     -8.033     -9.909      5.905 4
  -1   -2     39.191     35.276      2.468 4
  -1   -2     -2.278    -11.053      8.461 4
  -1   -2     23.929      5.765      9.582 4
  -1  179     14.493     -3.179      3.724 4
  -1   -2      0.710      0.556      6.943 4
  -1   -2    -11.544     31.649      5.622 4
  -1   -2      5.760     -5.472      9.779 4
  -1   -2    -18.261     -2.356      8.760 4
  -1   -2      3.869    -30.750    -18.813 4
  -1   -2      3.989     18.052      8.327 4
  -1  138    -22.441     -3.955     11.839 4
  -1   -2    -20.573     40.604     13.082 4
  -1   -2     -2.773     -1.026     -9.597 4
  -1   -2     28.341    -15.883     -3.340 4
  -1   -2     21.262     -6.173     11.080 4
  -1   -2     36.108     26.475      7.423 4
  -1   -2    -47.748     -7.670    -20.060 4
  -1   -2    -55.967     33.559    -22.508 4
  -1   -2      7.901     15.854      6.996 4
  -1   -2     10.005     22.387      9.981 4
  -1   -2    -39.142    -16.994     -0.371 4
  -1   -2      6.642    -29.188     -5.648 4
  -1  250     -0.841      0.744      9.905 4
  -1   -2    -49.880      1.564     10.908 4
  -1   -2     36.262    -26.125     -1.646 4
  -1   -2     38.931     -4.668     24.178 4
  -1   -2     19.372     -0.910     23.730 4
  -1   -2    -16.919    -17.473     11.322 4
  -1   -2    -49.683     -6.973      2.344 4
  -1   -2    -24.231      4.813     11.111 4
  -1   -2    -14.884     -3.352      7.515 4
  -1   -2    -20.663      4.800     12.717 4
  -1   -2    -49.699      3.738     -2.982 4
  -1   -2    -62.121    -13.180      0.587 4
  -1   -2     31.866     33.372      9.922 4
  -1  207    -26.700     30.485     11.339 4
  -1   -2    -16.855    -26.309      3.630 4
  -1   -2     18.887     -6.139      6.508 4
  -1   -2    -24.508     45.990      2.718 4
  -1   -2    -23.476    -11.037      7.498 4
  -1   -2     27.547     -9.464     10.467 4
  -1   -2    -57.033    -14.829    -21.071 4
  -1   -2     17.993     51.293     15.810 4
  -1  263    -57.740     -7.991     -6.076 4
  -1   -2     36.526      2.378      7.238 4
  -1  269    -60.806     24.404      6.615 4
  -1   -2      0.610    -23.901      9.892 4
  -1   -2      8.638     37.605     -7.471 4
  -1   -2     26.009     -3.164      7.579 4
  -1   -2     -5.571     18.490      9.667 4
  -1   -2    -23.384     11.543     18.814 4
  -1   -2    -43.491    -32.142     -3.868 4
  -1   -2    -56.655     18.770     12.452 4
  -1   -2     18.969    -29.902     15.688 4
  -1   -2    -39.538    -25.652     12.689 4
  -1   -2      4.490     17.567      8.926 4
  -1   -2    -30.953    -14.786      6.485 4
  -1   -2    -43.214     48.778     -1.671 4
  -1   -2     21.580    -17.747      8.513 4
  -1   -2    -16.597    -24.070    -11.100 4
  -1   -2    -60.515      5.455      7.642 4
  -1   -2     -1.791     -4.778     15.376 4
  -1   -2    -45.230      3.536      4.105 4
  -1  194    -22.682     -2.267    -22.718 4
  -1   -2     -8.665     22.736      1.452 4
  -1   -2    -19.134     30.397     10.440 4
  -1   -2    -15.482     13.594    -20.497 4
  -1   -2      7.550     35.080    -19.413 4
  -1   -2     11.939     -4.695      8.094 4
  -1   -2     16.335     28.566     18.756 4
  -1   -2    -57.426      3.835     -4.784 4
  -1   -2    -39.077     34.524     13.056 4
  -1   -2     -3.943     11.997    -20.475 4
  -1   -2    -11.434      8.746      9.098 4
  -1   -2     22.932    -14.845     16.376 4
  -1   -2    -36.936    -27.150      1.862 4
  -1   -2     -2.840     24.696     17.971 4
  -1   -2      4.718     -5.574      9.031 4
  -1   -2     43.036     12.150      1.455 4
  -1   -2     -1.543     30.638     15.718 4
  -1   -2     38.542     -4.560      2.477 4
  -1   -2    -28.920      7.051    -15.172 4
  -1   -2      1.486     -5.139      7.016 4
  -1   -2     20.814     33.511      0.991 4
  -1   -2    -18.145     29.831     10.555 4
  -1   -2      8.320     39.507     12.704 4
  -1   -2     13.290    -24.018     17.566 4
  -1   -2     38.982     -0.506      8.079 4
  -1   -2     16.400     30.790     -2.646 4
  -1   -2     -4.204    -14.155     11.178 4
  -1   -2     30.230     29.669     -4.488 4
  -1   -2    -10.993     -5.250    -15.605 4
  -1   -2     16.925     25.685     11.177 4
  -1   -2     49.156     22.893      0.830 4
  -1   -2      3.683     16.836    -14.684 4
  -1   -2    -12.056     48.263     12.927 4
  -1   -2     38.378     19.741      8.803 4
  -1   -2     16.398     -7.956     11.422 4
  -1   -2    -59.102     12.978    -13.320 4
  -1   -2     50.438      5.057      3.312 4
  -1   -2      0.225     -4.923     10.095 4
  -1   -2    -59.025     30.118      2.837 4
  -1   -2    -16.795     13.549     19.561 4
  -1   -2      9.225     47.208      0.983 4
  -1  311    -21.378      0.356     20.922 4
  -1   -2    -27.678    -21.788      8.997 4
  -1   -2    -10.510     25.953     12.001 4
  -1   -2    -26.225      4.654     -4.477 4
  -1   -2      4.118      7.477      1.389 4
  -1  300    -59.734      0.014    -18.375 4
  -1   -2      7.717     25.732      0.729 4
  -1   -2     -7.709     36.003     20.358 4
  -1   -2     45.755     41.661      9.912 4
  -1   -2     11.913      7.450     17.183 4
  -1   -2      2.539     31.778      5.417 4
  -1   -2      1.031    -16.452     13.738 4
  -1   -2    -14.885     -0.442    -26.175 4
  -1   -2    -51.861    -26.571    -17.183 4
  -1   -2     48.503     31.245     -6.069 4
  -1   -2    -33.430     36.186    -22.236 4
  -1   -2    -10.012     15.786      6.610 4
  -1   -2    -14.673     14.041     22.612 4
  -1   -2     -1.230      9.184    -19.602 4
  -1   -2     14.965     29.836    -14.178 4
  -1   -2    -49.997     -8.647      2.226 4
  -1   -2     40.430     36.122      2.131 4
  -1   -2      2.031    -20.311      1.144 4
  -1   -2     25.559      8.813     16.733 4
  -1   -2    -58.921      6.953     -9.169 4
  -1   -2     27.419     46.099     -7.332 4
  -1   -2     49.670     20.133     -0.048 4
  -1   -2     -9.311     13.562    -15.373 4
  -1   -2     -5.411      0.717      2.809 4
  -1   -2    -59.565     37.313      4.827 4
  -1   -2    -35.401     48.913     -4.676 4
  -1   -2     19.494     46.251     -2.062 4
  -1   -2    -48.587     -3.063      0.362 4
  -1   -2     -4.184     37.603     -4.991 4
  -1   -2    -24.088     12.342     -2.083 4
  -1   -2    -16.613     11.940    -11.121 4
  -1   -2     -2.376     44.586      0.359 4
  -1   -2      9.517     44.251     -4.035 4
  -1   -2    -24.963     21.524     -5.926 4
  -1   -2    -37.366     16.064     -4.878 4
  -1   -2    -38.978     12.775      9.821 4
  -1   -2    -48.961     18.125     13.809 4
  -1   -2    -49.183     13.138      4.038 4
  -1   -2      7.422     13.485     -0.392 4
  -1   -2    -25.110      1.148     15.059 4
  -1   -2    -46.454    -31.011     -3.684 4
  -1   -2     30.654     11.733    -19.798 4
  -1   -2     38.448     49.204      2.762 4
  -1   -2     16.623    -32.234     12.435 4
  -1   -2     24.755    -32.057      4.961 4
  -1   -2    -48.795     26.610      0.738 4
  -1   -2     13.002    -31.226     17.215 4
  -1   -2    -19.608    -19.956     11.289 4
  -1   -2     33.999    -32.941      1.648 4
  -1   -2    -46.173     19.124     19.342 4
  -1  364     30.310    -29.756     10.990 4
  -1   40      6.228     13.034     10.822 4
  -1   -2    -49.315     21.983      2.248 4
  -1   -2      1.646     49.652    -34.933 4
  -1   -2     10.320    -29.814      2.730 4
  -1   -2     33.899    -30.737      5.537 4
  -1   -2     27.903    -31.163     14.138 4
  -1   -2    -49.103     20.950      2.606 4
  -1   -2    -52.165     19.980    -23.712 4
  -1  373     20.842    -31.908      6.848 4
  -1   -2    -30.575     -5.383      5.575 4
  -1   -2     33.985     -4.991     15.819 4
  -1   -2     35.322    -11.653      7.698 4
  -1   -2    -36.628     41.020     -5.669 4
  -1  379    -48.082     24.593      6.868 4
  -1   -2     39.149    -32.355      6.081 4
  -1   -2    -33.397     40.117    -13.392 4
  -1   -2     50.929      7.172      7.600 4
  -1   -2     36.872    -21.447     -2.399 4
  -1  419     54.797     18.003     -0.680 4
  -1   -2     22.386    -31.282      8.287 4
  -1  389    -58.671     -5.169     14.105 4
  -1   -2    -51.293     27.472     -0.742 4
  -1   -2     36.565     18.335      9.471 4
  -1   -2    -49.322    -11.053     10.257 4
  -1   -2    -52.977      6.991      1.061 4
  -1   -2     35.758     11.239      0.588 4
  -1   -2     15.107    -32.140      8.549 4
  -1   -2     18.243    -32.276      4.021 4
  -1   -2     29.274      5.712      3.490 4
  -1  386     56.346     14.428     15.779 4
  -1   -2     11.793     46.069     26.502 4
  -1   -2     22.937    -32.549      4.895 4
  -1   -2    -48.554     14.959     14.574 4
  -1   -2    -43.085     17.780    -23.753 4
  -1   -2    -63.617      7.278      6.971 4
  -1   -2      6.586     33.760     17.722 4
  -1   -2    -45.034    -12.148     17.745 4
  -1  544    -58.030     34.784    -24.202 4
  -1   -2    -58.944     20.846    -26.175 4
  -1   -2     39.048     22.238      5.450 4
  -1  392     50.347     13.778      6.114 4
  -1   -2    -41.081     10.984     18.208 4
  -1   -2    -22.681     20.134     24.067 4
  -1   -2    -36.281     38.498      3.732 4
  -1   -2     27.746    -10.709    -13.807 4
  -1   -2     41.876    -23.511    -11.003 4
  -1   -2    -16.654     24.052    -26.249 4
  -1   -2    -20.008     10.812     19.460 4
  -1   -2    -49.307     25.595      3.897 4
  -1   -2     29.875    -13.989    -14.023 4
  -1   -2     29.682     23.478      0.221 4
  -1   -2      9.130     28.674     -1.534 4
  -1   -2     14.742     33.657     10.114 4
  -1   -2     13.703      0.290     24.503 4
  -1   -2    -22.359    -28.704    -26.249 4
  -1   -2    -48.654     17.249     13.857 4
  -1   -2    -56.524      9.102     20.292 4
  -1   -2     24.393     28.275     14.758 4
  -1   -2     49.391      7.142      4.919 4
  -1   -2    -53.217    -28.559      4.613 4
  -1   -2      0.727      3.701      8.457 4
  -1   -2    -59.812      2.424    -14.131 4
  -1   -2    -28.193     -3.467      9.375 4
  -1   -2     -8.195    -32.066      7.952 4
  -1   -2    -49.209      9.812      9.686 4
  -1   -2    -49.769    -16.475     -0.201 4
  -1   -2     25.705    -31.274     14.572 4
  -1   -2     40.563    -10.828    -21.810 4
  -1   -2     13.831     41.729     14.692 4
  -1   -2    -48.831     10.496     -3.745 4
  -1   -2     19.403     23.593     12.327 4
  -1   -2    -50.046     33.188      0.827 4
  -1   -2     19.821     41.357     14.206 4
  -1   -2     26.913      6.473    -15.298 4
  -1   -2     -7.449     -7.187      4.035 4
  -1   -2    -60.182    -17.127      9.059 4
  -1   -2     22.704     30.702     -1.573 4
  -1   -2     38.041    -16.644      3.158 4
  -1   -2     34.172     -1.367     -0.120 4
  -1   -2     23.045     11.919      4.448 4
  -1   -2     17.684     53.138     -2.360 4
  -1   -2    -28.568     12.941      9.086 4
  -1   -2    -48.015     28.086    -21.651 4
  -1   -2    -49.763     30.698     -0.208 4
  -1  445    -49.627    -14.816      3.573 4
  -1   -2     37.988     32.713     10.656 4
  -1   -2    -38.603      4.781     -0.932 4
  -1   -2     10.785      7.446      7.557 4
  -1   -2    -60.729     33.495     -6.417 4
  -1  436    -50.446     23.494     -0.281 4
  -1   -2      0.946     -7.449      0.099 4
  -1   -2    -45.285      0.941     23.700 4
  -1   -2    -59.997    -18.510    -22.492 4
  -1  449     55.547     -5.340      9.519 4
  -1   -2     10.031     -4.348      8.361 4
  -1   -2      2.891      8.617    -13.295 4
  -1   -2    -13.155     -9.147     -1.811 4
  -1   -2    -50.151     40.045     -0.511 4
  -1   -2     21.208     22.008      8.924 4
  -1   -2    -16.934    -16.516     -2.445 4
  -1   -2     47.262     27.255      6.911 4
  -1  353    -49.845     22.340      1.952 4
  -1   -2     22.517     15.748     23.504 4
  -1   -2     18.846     40.829     20.250 4
  -1   -2     12.975    -14.030      3.170 4
  -1   -2    -10.643     35.062    -14.290 4
  -1   -2    -53.330     40.925    -22.483 4
  -1   -2    -18.300     44.239      1.376 4
  -1   -2    -11.995     35.121    -33.212 4
  -1   -2     14.342     13.643     12.422 4
  -1   -2     28.822     47.836     -7.876 4
  -1   -2     40.261     15.562    -13.819 4
  -1   -2     13.201     53.663      7.024 4
  -1  483    -59.331    -13.060      5.657 4
  -1   -2    -48.381     44.593      1.740 4
  -1   -2     48.228     30.685     14.315 4
  -1   -2    -16.316     -9.539      8.748 4
  -1   -2    -59.118     -5.895      7.131 4
  -1   -2     -4.651     31.218    -17.642 4
  -1   -2    -13.125    -16.407      8.126 4
  -1   -2     24.288     23.624      0.474 4
  -1   -2    -34.423     25.567    -10.885 4
  -1   -2    -13.310     25.878      7.883 4
  -1   -2     22.292     14.593      6.396 4
  -1   -2     30.712     49.224     -9.273 4
  -1   -2    -60.566    -15.468     15.465 4
  -1   -2    -48.417     50.043    -15.928 4
  -1   -2     13.669      2.871      6.472 4
  -1   -2     49.636      5.890    -17.494 4
  -1  433    -37.305     37.079    -12.050 4
  -1   -2    -10.378     27.310      8.556 4
  -1   -2    -24.146     22.721     -0.758 4
  -1   -2     13.524    -26.304     -6.546 4
  -1   -2     54.021     21.896      3.628 4
  -1   -2     44.777     -8.408     -6.229 4
  -1   -2     -1.786      5.861      9.221 4
  -1   -2    -54.207    -28.099     16.470 4
  -1   -2     38.506     25.751     14.798 4
  -1   -2    -53.628     17.238      7.840 4
  -1  612     56.873     11.484     13.093 4
  -1   -2      5.935     35.444     11.706 4
  -1   -2    -64.078     25.668      0.848 4
  -1   -2    -28.285     19.276    -23.584 4
  -1   -2     41.309     46.796     -6.862 4
  -1   -2     28.970     36.300     -3.408 4
  -1   -2      8.096     30.943     -9.898 4
  -1   -2      8.942     41.087    -25.348 4
  -1   -2      7.280    -18.839     18.317 4
  -1   -2     27.958     42.550    -12.315 4
  -1   -2     10.454     16.584      8.201 4
  -1   -2     16.106     -8.958    -12.584 4
  -1  522     51.165      2.622     12.980 4
  -1   -2     55.230     -7.717      6.529 4
  -1   -2     19.445    -22.303    -21.729 4
  -1   -2     10.806      8.934     14.331 4
  -1   -2     35.265    -24.354      6.411 4
  -1   -2     20.728     -3.901     -8.071 4
  -1   -2     36.840     11.741     16.775 4
  -1   -2    -63.001    -10.086     -6.500 4
  -1   -2    -47.257     41.100      2.514 4
  -1   -2    -32.766    -22.160     20.982 4
  -1   -2    -14.353     -1.577     18.668 4
  -1  622    -55.393     47.201    -18.380 4
  -1   -2     29.389     52.567     -0.292 4
  -1   -2    -28.846    -28.249      2.001 4
  -1   -2    -55.884     -1.145    -20.927 4
  -1   -2    -61.349     22.874    -12.022 4
  -1   -2    -59.434     44.388    -11.277 4
  -1   -2    -58.573     -2.813    -24.355 4
  -1   -2    -48.321     51.176    -22.547 4
  -1   -2     -6.105    -32.376      6.621 4
  -1   -2    -52.683     -6.692    -13.219 4
  -1   -2    -57.335    -23.854     -7.919 4
  -1   -2     39.097    -25.043     17.903 4
  -1   -2    -21.444    -23.509     -0.101 4
  -1   -2    -20.113    -13.229      5.845 4
  -1   -2     29.000    -20.217     -8.534 4
  -1   -2    -52.260      1.397     12.641 4
  -1   -2     33.983    -25.538     -4.547 4
  -1   -2     29.504     42.774    -11.339 4
  -1   -2     39.407     30.609     -7.477 4
  -1   -2    -12.845     43.763    -11.847 4
  -1   -2     28.899     34.025     19.468 4
  -1   -2    -50.136    -22.412      7.966 4
  -1   -2     12.734     32.506    -20.398 4
  -1   -2     24.601     21.062     12.064 4
  -1   -2     19.711    -23.696     19.372 4
  -1   -2    -22.133     -4.412     -1.095 4
  -1   -2    -48.625    -32.604     17.012 4
  -1   -2      8.903     20.644     15.194 4
  -1   -2     39.451     27.752     11.736 4
  -1   -2    -11.315     37.485    -30.516 4
  -1   -2    -29.463     50.443      0.794 4
  -1   -2     45.663     50.663    -23.719 4
  -1   -2    -21.856     -0.345    -15.264 4
  -1   -2    -42.361     -6.981    -11.512 4
  -1   -2     -9.582      2.934      7.291 4
  -1   -2     44.607     16.490    -13.067 4
  -1   -2      4.981     34.024     16.437 4
  -1   -2    -58.420    -21.386      8.911 4
  -1   -2    -61.270    -11.744     -6.878 4
  -1   -2    -13.623     21.118     12.614 4
  -1   -2    -23.454     33.033     26.210 4
  -1   -2    -15.038      2.918     -3.665 4
  -1   -2      0.138     24.975    -18.498 4
  -1   -2      2.903     11.095     15.295 4
  -1   -2    -31.703     47.624      2.360 4
  -1   -2    -23.641     13.898    -16.648 4
  -1   -2      0.576    -21.644      8.584 4
  -1   -2    -59.498     28.035    -12.268 4
  -1   -2    -55.706     16.254     12.940 4
  -1   -2    -40.745     31.136     22.026 4
  -1   -2      1.345    -12.715    -18.265 4
  -1   -2    -32.627    -24.452      2.391 4
  -1   -2     25.015     19.698    -20.877 4
  -1   -2     16.892     -2.995    -11.291 4
  -1   -2     -9.537     25.560     31.588 4
  -1   -2     24.000     17.449     -0.340 4
  -1   -2    -48.470    -20.664     -1.761 4
  -1   -2    -12.723     -5.128     11.030 4
  -1   -2    -60.734     15.618     -8.901 4
  -1   -2    -10.573      2.535    -17.885 4
  -1   -2    -16.788     -0.529      3.862 4
  -1   -2      4.799    -18.817     -1.631 4
  -1   -2      5.234     38.362      6.878 4
  -1   -2    -24.637      5.159    -20.229 4
  -1   -2    -57.280     19.565    -10.857 4
  -1   -2    -31.991     -6.646     20.262 4
  -1   -2     50.890    -14.875      9.251 4
  -1   -2    -15.639     16.304      0.526 4
  -1   -2     45.723    -24.556      0.574 4
  -1   -2    -30.449      9.753     23.001 4
  -1   -2     -6.587     35.023      3.801 4
  -1   -2     40.678      2.272    -17.170 4
  -1   -2     37.918     30.891     10.975 4
  -1   -2     -4.613     40.522    -37.494 4
  -1   -2     -3.195     29.792     30.572 4
  -1   -2    -15.994      7.492      8.066 4
  -1  316    -40.195    -22.047     15.588 4
  -1   -2    -18.133      3.793     -4.324 4
  -1   -2     50.438     -8.762     -1.375 4
  -1   -2     20.377     -5.275     -8.337 4
  -1   -2     49.778    -19.138      6.954 4
  -1   -2    -12.336      7.229     18.039 4
  -1   -2    -62.356     32.866      9.310 4
  -1   -2    -54.308    -11.712     10.341 4
  -1   -2     38.224     -0.463      7.983 4
  -1   -2    -60.971     13.114    -19.841 4
  -1   -2     22.042    -15.511    -20.454 4
  -1   -2     14.489    -27.395     15.042 4
  -1   -2    -23.373      3.082    -11.440 4
  -1   -2    -38.997     40.352     -1.635 4
  -1   -2      6.473     -6.299     22.507 4
  -1   -2     10.610      1.865      6.382 4
  -1   -2    -17.834     42.318     19.468 4
  -1   -2    -50.209     31.257     -8.310 4
  -1   -2     15.378     34.910      6.457 4
  -1   -2      2.719     29.621    -23.592 4
  -1   -2    -22.645     11.032     18.473 4
  -1   -2    -60.106     42.536      0.180 4
  -1   -2     49.833     36.391      3.679 4
  -1   -2    -32.449    -27.742     -8.904 4
  -1   -2    -28.004     -9.006    -14.997 4
  -1   -2    -62.534     31.251     -9.256 4
  -1   -2     -3.020     16.695     -4.925 4
  -1   -2    -59.509     47.241    -21.310 4
  -1   -2     -0.069      6.704    -21.764 4
  -1   -2     -3.016     -4.788      2.654 4
  -1   -2    -39.151    -15.339     -9.800 4
  -1   -2     38.844     -2.482     14.966 4
  -1   -2    -40.536    -11.934      7.162 4
  -1   -2    -61.680     39.055     -9.929 4
  -1   -2    -23.199      7.495     -8.479 4
  -1   -2     10.349    -14.381      0.769 4
  -1   -2     22.060    -21.028     14.323 4
  -1   -2    -36.171    -12.718     -5.054 4
  -1   -2      0.950     -3.355    -12.676 4
  -1   -2     -7.275    -12.882    -14.519 4
  -1   -2     11.990     21.694     -4.386 4
  -1   -2    -11.440     38.937    -14.232 4
  -1   -2    -28.438     42.957    -17.149 4
  -1   -2     -5.877      4.702    -14.978 4
  -1   -2    -47.847     -0.573      2.390 4
  -1   -2    -49.460    -20.201      1.341 4
  -1  213      9.004      3.098      8.854 2
