 679
   1    21.970    41.437     8.979  113  121  198  150
   2    10.080    13.322     8.638  475  457  733  686
   3    23.920    36.548     9.634  178  177  290  231
   4   -26.224     0.874    13.083  652  628  995  944
   5    21.892    31.817     6.195  237  228  382  310
   6   -26.574    44.844    12.941   78   71  152  102
   7   -22.207    35.077    11.654  188  179  329  259
   8   -10.670    36.576     2.535  175  161  300  229
   9    38.239    11.259    -0.636  518  505  756  711
  10    14.426   -32.133     5.961 1173 1053 1614 1602
  11    37.527    22.813    11.282  349  345  554  495
  12   -49.052    16.382    10.273  427  405  706  626
  13   -33.535   -10.493    11.150  843  776 1238 1190
  14    -4.703    33.650     0.071  210  194  348  278
  15    -5.274    36.797     3.694  172  160  291  227
  16    13.542    16.044     4.102  445  425  673  630
  17     8.809    28.793    11.051  272  259  453  375
  18   -23.183    48.780     0.432   45   36   90   55
  19   -48.290    34.039    10.987  207  182  360  279
  20   -11.616     1.914     3.692  643  622  944  904
  21     7.614    33.154    10.246  216  207  363  297
  22    27.826   -30.740     6.554 1163 1022 1543 1548
  23     8.156    43.790     9.149   91   95  162  111
  24    10.310   -14.691    10.281  924  847 1281 1285
  25   -35.807    29.304     6.639  265  241  456  364
  26     1.630    -6.633     6.312  795  739 1133 1094
  27     5.715     9.811    10.555  525  512  798  750
  28   -16.125   -20.805     6.814 1000  917 1403 1383
  29   -17.677    47.765    10.891   56   47  107   68
  30    17.197   -12.755     4.312  905  820 1237 1242
  31   -48.823     7.883    -4.136  544  527  841  765
  32    28.940   -14.055     5.313  925  844 1252 1267
  33   -10.022   -31.013     3.111 1149 1019 1579 1529
  34   -15.840    43.638    13.065   92   93  169  120
  35   -27.841    15.622     5.192  442  419  704  641
  36    18.672   -31.349    11.306 1159 1020 1596 1594
  37   -16.734    26.474     8.112  297  276  501  428
  38   -12.037    19.051     4.569  400  380  641  574
  39   -27.302    17.508     5.803  414  395  668  602
  40   -24.973     0.920    17.179  650  625 1007  951
  41     6.404    13.121    11.562  481  458  747  692
  42    42.341    27.079    -4.324  292  296  459  398
  43     7.385    13.486    -1.558  472  454  720  670
  44     6.676   -23.960     0.425 1058  955 1428 1424
  45     7.972    35.068     7.608  192  186  318  250
  46    19.139   -20.178     7.826 1002  915 1373 1384
  47   -20.855   -16.534     8.963  942  868 1342 1314
  48    39.240     3.953    11.683  622  603  897  878
  49   -48.974     0.902    11.481  644  624 1011  932
  50   -17.625   -30.066    14.020 1115  994 1613 1535
  51    23.161   -31.245    -2.236 1161 1061 1547 1549
  52   -49.263    40.055    14.790  118  116  229  188
  53     1.211    21.943    10.071  357  349  582  520
  54    -0.474   -30.837    -8.051 1168 1058 1527 1514
  55   -13.724     6.482     8.288  567  554  870  811
  56   -29.129   -12.172    11.768  873  797 1263 1231
  57    12.529     1.133     6.195  659  636  952  930
  58    19.302     8.824     8.553  545  529  807  772
  59    38.444    51.738     2.511   13   41   29   10
  60   -13.008   -30.937     3.319 1147 1011 1594 1528
  61    39.451    50.197     6.057   23   46   59   41
  62   -37.044    22.838    10.491  335  321  578  492
  63     7.495    21.712     8.331  367  353  581  525
  64    30.609    30.812     5.945  256  243  394  332
  65   -24.952    39.929     8.483  124  124  226  175
  66    -5.999    -6.993    11.049  796  737 1154 1117
  67   -29.573    31.717    11.588  230  210  402  326
  68    -6.793   -15.127     9.705  926  853 1299 1288
  69    -8.517   -20.721     9.800  999  916 1402 1392
  70   -20.762   -20.585    11.682  994  913 1405 1388
  71    -4.572     2.695     9.071  632  609  939  894
  72     8.602   -30.955   -15.232 1172 1086 1518 1507
  73    17.606   -31.055    15.031 1150 1003 1611 1599
  74    18.481    31.196     5.887  246  233  391  325
  75   -28.648   -18.304    10.571  966  892 1377 1351
  76    -6.406   -19.685     8.266  986  907 1385 1369
  77     6.007   -28.823   -21.348 1141 1005 1453 1474
  78     2.071     2.826    10.989  630  605  937  898
  79   -13.897    49.969    -1.765   35   29   72   36
  80    14.461   -30.778   -20.506 1174 1082 1503 1498
  81    21.997   -19.415     9.052  996  904 1363 1377
  82    16.469   -26.761     7.838 1107  971 1482 1486
  83   -49.549    30.400    -5.206  243  215  423  341
  84   -50.279   -22.401    14.624 1012  923 1457 1421
  85    39.436    26.041    21.092  316  302  499  448
  86   -33.301   -20.605    11.161  989  914 1411 1382
  87   -11.703    -9.895     5.783  845  774 1208 1177
  88    13.737   -10.254     9.459  858  783 1205 1197
  89   -29.340   -15.709    13.612  919  856 1340 1312
  90    -5.798    -9.184     6.456  830  765 1192 1159
  91    23.540   -21.733     6.504 1032  932 1396 1402
  92    13.582    18.863     7.424  407  390  637  578
  93    21.596   -12.597     9.943  898  812 1242 1250
  94     9.137    -4.212    12.569  747  703 1083 1054
  95    11.515    49.781    -8.910   34   35   68   32
  96     5.311   -16.171     6.966  949  869 1316 1311
  97    39.060    -6.680     6.009  810  734 1105 1119
  98   -10.618    10.182     6.175  521  502  795  734
  99   -20.690    31.485     7.416  239  217  396  329
 100    10.941    38.022    10.592  156  155  265  209
 101    19.176    22.153     7.121  358  350  566  505
 102    11.260    20.504    10.019  386  370  609  550
 103    24.654     1.288    10.581  664  632  946  935
 104   -15.990    20.989     8.472  373  356  610  537
 105    13.195    22.287     6.266  354  346  565  503
 106    44.845    11.851     3.377  511  485  740  712
 107    -8.420     3.286     4.695  623  596  925  879
 108   -30.466    50.832   -12.677   22   24   52   20
 109   -43.757   -29.985    -8.009 1133  998 1552 1502
 110    38.655    52.822     5.885    2   39    3    1
 111    -8.518   -30.063   -11.687 1134 1033 1521 1497
 112    10.985    -8.763     8.858  828  761 1173 1160
 113   -17.232   -14.721    10.871  914  842 1301 1280
 114    -4.508    -5.938    11.735  779  727 1132 1091
 115    -6.943    39.622     1.992  129  131  223  174
 116    11.680     9.053     6.555  534  520  806  764
 117    22.011    -5.792     2.450  789  730 1092 1073
 118    18.687   -17.196     7.864  970  884 1329 1335
 119     4.920    -0.973    11.432  694  660 1020  993
 120   -15.862    -1.141    10.634  690  661 1033  989
 121   -49.600    28.161     7.948  276  247  481  393
 122    12.798    12.675    11.486  487  468  749  699
 123    20.547    -4.363     8.265  756  710 1072 1050
 124    22.617     7.170     7.117  568  553  834  796
 125    21.912     9.761    13.606  529  516  797  759
 126    -3.961   -16.468     8.383  948  875 1331 1319
 127    22.550   -28.544    17.809 1114  980 1546 1540
 128     4.559   -30.400   -19.775 1164 1050 1500 1499
 129   -29.181    33.510    -0.360  206  190  359  286
 130     5.222    34.362     7.938  200  191  335  269
 131   -20.487    -9.647     9.834  833  766 1220 1174
 132    38.645     6.847    18.027  580  562  844  823
 133     1.769    32.680    -5.654  218  209  361  294
 134   -47.385     7.516    -1.297  539  534  872  770
 135   -16.429   -17.698    10.478  960  888 1361 1344
 136   -14.399    26.120     8.963  305  286  506  437
 137   -20.801    39.621    -7.228  122  126  218  170
 138   -17.970    44.285     8.318   82   80  159  108
 139   -22.484    -4.126    11.942  730  695 1104 1044
 140   -30.768    -6.032     9.900  768  725 1146 1084
 141    28.007    37.486    10.401  160  168  273  217
 142    17.824    38.157   -11.077  148  152  239  190
 143   -16.813    39.782    12.199  134  134  233  181
 144    -8.634    -8.736     8.071  821  759 1188 1148
 145   -28.769   -26.309    -8.617 1087  969 1464 1440
 146     2.653    42.889     4.204   94   99  174  122
 147    40.347     1.508   -13.699  660  647  915  883
 148    23.825    14.963     7.009  459  439  696  657
 149   -11.581     3.291   -14.588  625  614  894  844
 150   -25.871   -22.419    10.879 1016  933 1437 1413
 151   -45.723    15.243    21.315  454  406  743  664
 152    26.189   -12.315     7.897  896  810 1232 1245
 153    13.571     4.143     6.831  615  587  896  866
 154   -12.177    20.139     6.602  384  368  623  555
 155    -0.809    23.632     8.919  332  317  547  476
 156   -53.168    15.038   -22.489  444  429  688  618
 157    17.741    25.392     9.029  318  305  512  445
 158    25.931    -3.229   -18.954  743  712  998  990
 159   -23.055   -22.310    12.388 1014  930 1434 1414
 160   -15.503    16.807     8.585  428  411  677  617
 161   -48.200     5.590     3.882  571  560  903  810
 162   -48.676     9.187    -2.056  522  508  819  746
 163   -41.578    31.081    -4.343  244  206  407  324
 164    37.591    27.361    -3.336  291  285  455  391
 165    15.980    40.789    13.267  120  128  206  158
 166    19.405    -0.579    11.058  691  657  993  987
 167     2.517    26.648    10.318  299  282  493  423
 168    27.186     3.150     7.073  635  610  911  891
 169    39.126    24.168     4.228  333  320  513  469
 170    -4.754    12.983     8.397  476  460  748  691
 171   -29.132   -15.040     5.799  920  849 1312 1272
 172   -48.241    37.182     8.465  157  150  303  225
 173   -33.773    35.901   -15.886  168  158  306  236
 174    15.968     0.325    11.369  677  643  978  959
 175    -6.086    23.120     5.918  338  324  558  479
 176   -32.774   -18.510    12.814  965  894 1393 1354
 177   -19.253     2.925    11.675  624  595  942  892
 178   -56.520    16.911     3.766  416  394  698  603
 179   -34.289   -28.819    11.745 1106  987 1572 1515
 180    14.493    -3.057     3.235  732  687 1041 1011
 181    17.535    30.942    11.139  248  238  408  334
 182   -16.523    -9.489     2.363  831  770 1200 1158
 183   -23.449   -11.260     8.599  861  789 1241 1208
 184    22.189    15.975    11.966  450  428  685  643
 185    37.983    18.238    14.517  423  403  648  594
 186   -31.727    -4.116    11.294  727  688 1108 1040
 187    -9.109     2.322    12.079  636  613  948  911
 188   -39.835    34.236    -1.072  195  181  344  268
 189    10.491    -0.547     8.879  688  658  992  981
 190    26.657    40.204    -2.706  121  137  202  154
 191   -24.819     9.196    12.595  526  513  823  769
 192   -33.688    -3.068     8.813  714  679 1079 1015
 193   -10.839    10.903    11.105  510  484  790  726
 194    39.461    41.053    13.111  110  141  195  163
 195   -22.716    -2.633   -22.269  720  694  994  969
 196    11.171    24.166     8.894  329  315  537  463
 197     5.152    -5.329    10.671  767  721 1111 1078
 198   -53.199   -11.459   -15.727  850  808 1230 1161
 199   -30.524     0.885     2.543  654  630  977  922
 200   -29.552   -13.470     0.981  899  824 1268 1240
 201    10.704    -3.438     6.206  736  693 1054 1022
 202     3.200    41.869     0.715  103  106  188  142
 203   -13.405   -25.197     0.600 1064  960 1454 1445
 204    -6.366    11.861     8.304  495  475  773  708
 205    16.499    11.225     8.770  512  492  774  720
 206    29.812    21.485     3.986  372  364  570  527
 207     2.587   -24.252    20.720 1045  946 1489 1466
 208   -26.808    30.423    11.633  251  230  429  345
 209   -27.547   -12.911     9.305  884  809 1269 1243
 210   -16.480    -9.988     6.888  847  768 1218 1181
 211   -57.033   -14.867   -21.119  930  862 1262 1225
 212   -15.830    23.942   -19.758  322  312  526  444
 213    -2.326   -21.034     5.911 1006  925 1397 1389
 214     8.662     3.151     8.030  628  600  923  890
 215    10.765     7.543     7.639  560  545  833  792
 216    -2.743   -13.005     7.302  894  816 1256 1247
 217   -30.584    28.831    12.175  270  246  469  377
 218    38.584    -0.890    12.071  707  662  979 1001
 219   -28.702    -8.660     2.859  820  757 1197 1118
 220    38.277   -21.335     3.030 1044  937 1367 1393
 221    14.099   -26.348   -12.066 1105  985 1438 1438
 222    48.334    31.040    -5.981  240  263  371  303
 223     7.300    17.075     5.312  431  413  660  608
 224    37.655    34.653    -0.108  196  199  316  252
 225   -24.131    12.130     3.328  492  465  767  700
 226   -24.805    45.843     3.834   69   64  136   83
 227    25.607   -26.780     9.445 1103  975 1480 1492
 228    39.362    -4.184    11.653  750  719 1064 1056
 229     8.927   -11.640   -22.041  900  821 1175 1154
 230   -17.551    18.601     9.891  405  386  650  588
 231   -11.461     8.497     8.803  538  523  824  775
 232    24.165    24.255     2.105  327  319  525  456
 233    -7.897    26.791     7.189  294  277  491  420
 234    48.948    23.136     2.255  341  355  536  475
 235    -5.583    18.125     9.640  413  393  655  595
 236   -20.495    40.270    12.759  123  119  221  171
 237   -46.839    28.060    12.912  278  252  484  402
 238   -58.921    -7.621   -12.204  802  746 1160 1074
 239   -24.662    22.881     6.516  336  323  568  486
 240   -21.938    10.196     6.254  519  490  803  736
 241   -24.332     4.677    11.289  603  568  907  869
 242     3.808    38.221    -7.601  139  154  250  191
 243    25.784    21.746    10.282  370  358  579  524
 244   -56.611    18.764    12.372  394  369  670  585
 245   -19.686    37.447   -17.838  151  149  261  200
 246   -50.135   -11.639     3.707  862  792 1250 1201
 247    -0.051    20.918     6.781  375  360  603  538
 248   -16.506     4.824    -4.260  595  581  887  827
 249   -20.733     4.597    13.017  596  572  917  864
 250    27.121    34.726    15.607  197  197  325  266
 251    -1.115     0.672     9.646  662  638  980  946
 252    -2.543    -0.994   -11.264  700  671  975  941
 253   -20.515    -3.437    11.623  719  682 1085 1027
 254    23.668    19.864     7.058  397  379  617  559
 255    37.649    47.540    -2.339   43   82   84   74
 256    39.155    35.301     1.898  185  198  309  243
 257    14.379    -8.883     8.607  836  762 1174 1163
 258   -12.498   -16.568     8.085  951  867 1337 1321
 259   -39.726   -27.271    -0.887 1102  979 1508 1464
 260   -49.964   -22.008     5.857 1007  929 1441 1394
 261   -12.422     3.625     8.452  613  589  928  875
 262    30.010     6.519     3.779  589  565  835  803
 263    36.280   -26.145    -1.731 1111  968 1432 1471
 264   -57.766    -7.991    -6.187  799  753 1178 1093
 265    28.038    47.184   -10.372   52   67  100   67
 266   -13.665   -30.494    12.005 1140  995 1601 1537
 267   -12.268    47.935    17.046   55   50  102   72
 268   -18.567    -5.614     8.796  765  723 1126 1072
 269    12.353    51.248    24.765   33   31   50   30
 270   -60.734    24.409     6.502  317  301  552  460
 271   -25.836     5.722   -26.385  588  576  842  771
 272    -0.707    16.700     9.548  432  414  671  619
 273   -13.424    37.552   -13.768  150  159  263  196
 274    21.604    45.919     6.413   67   74  125   82
 275   -48.624    -3.204     1.576  715  681 1080 1002
 276    16.858    28.208    15.039  288  269  463  388
 277   -16.377    44.283    -9.838   76   84  144  100
 278    27.214    -9.927   -19.574  872  796 1128 1138
 279    16.401    -7.847    11.125  815  751 1158 1142
 280   -60.029     5.539     3.124  576  549  910  826
 281    11.942    -4.597     8.866  753  713 1084 1055
 282   -17.554   -25.951    -3.830 1090  967 1456 1434
 283     5.481   -18.703    -1.480  983  899 1348 1350
 284   -59.292    29.983     2.667  247  229  441  351
 285   -61.025     5.068     9.198  579  557  933  843
 286    50.111     4.623     5.121  617  594  862  858
 287   -48.765    -6.880     3.407  785  729 1180 1083
 288   -62.151   -13.170     0.545  907  793 1290 1239
 289   -33.053   -26.944   -12.227 1089  988 1479 1435
 290    17.599    -2.109    12.566  716  677 1039 1005
 291   -57.423     3.863    -4.911  604  583  909  856
 292     1.122   -16.330     9.105  941  870 1325 1332
 293    27.243    -8.411   -12.461  832  785 1119 1112
 294    31.758    33.747     8.025  223  208  336  275
 295    -1.360    43.303    -8.117   88   92  163  112
 296     4.715    36.020     4.838  177  170  312  242
 297    49.487     6.240    -0.456  583  585  826  806
 298   -26.261    42.883    14.549  101   85  192  132
 299   -19.004    -9.075    10.098  811  764 1203 1176
 300   -51.836   -26.350   -16.064 1099  963 1476 1430
 301   -59.740     0.052   -18.581  672  642  982  900
 302    -3.494    -4.074    17.723  741  686 1097 1064
 303   -49.917    -8.710     1.432  807  756 1198 1126
 304     3.661     7.071    -1.422  565  551  832  791
 305   -16.757    -3.742     1.932  735  689 1057 1026
 306   -57.551    -3.209   -14.062  712  696 1061  980
 307    11.185    41.308    -7.386  108  112  187  147
 308   -13.965    -2.631   -15.663  718  684 1013  986
 309    -1.369    30.659    15.288  254  226  430  342
 310    27.128   -10.656    -8.496  879  811 1159 1167
 311    20.732   -10.317    14.799  856  778 1212 1226
 312   -21.516     0.093    20.788  661  639 1045  967
 313   -19.425    30.327    10.792  253  235  428  346
 314    23.024   -10.135    -2.761  864  790 1184 1151
 315    -8.872    13.704    10.861  468  448  731  681
 316   -37.764   -23.266    12.566 1025  942 1472 1420
 317   -40.265   -22.318    14.482 1013  922 1449 1417
 318     3.388   -20.085    -1.006 1001  918 1376 1355
 319   -16.315     7.871    17.685  547  537  855  793
 320   -58.882     7.022    -9.195  541  540  858  785
 321    -8.467   -10.167     1.316  860  775 1202 1171
 322   -16.317     3.056     1.324  626  604  929  868
 323     0.394    27.620    -8.509  284  266  461  392
 324   -17.982    10.557    16.222  509  493  805  739
 325     0.645    18.525    -0.736  399  401  647  577
 326    13.418     5.489   -14.288  598  575  840  801
 327    20.724    14.873     9.028  462  443  711  660
 328   -34.105    16.185   -21.234  437  422  657  597
 329   -16.571    12.198   -20.982  491  478  741  656
 330   -11.872    26.413    21.522  290  293  522  442
 331   -13.010    33.337    -5.017  208  204  352  274
 332   -12.715    -5.216    11.027  751  716 1127 1061
 333    28.766    12.132   -13.912  497  509  715  673
 334   -35.697    48.675    -8.998   40   38   80   60
 335   -55.800   -11.404   -16.812  882  795 1217 1147
 336   -27.328    41.521    -8.114  100  107  193  145
 337    -0.906     9.087   -20.797  540  525  785  717
 338   -14.814    13.464    19.129  474  441  763  690
 339   -44.438   -27.707   -16.963 1116  990 1470 1441
 340    12.141   -21.818    -3.674 1038  944 1372 1390
 341   -16.766   -11.478    18.866  870  780 1248 1248
 342     0.082    37.612    -4.110  146  164  280  207
 343    16.221    34.222    -1.474  191  202  333  272
 344    -8.291   -23.490     2.156 1046  957 1427 1410
 345   -35.255     3.315   -13.951  616  607  902  846
 346   -61.999    -8.834    -1.876  823  742 1223 1136
 347    -8.225     5.345    13.706  593  555  891  865
 348    13.433    33.364    -2.774  214  220  332  270
 349   -12.249    -6.218   -20.057  798  736 1082 1039
 350   -48.966    18.120    14.022   -1  377  674  601
 351   -46.443   -31.012    -3.601   -1 1030 1603 1521
 352   -36.065    38.477     2.703  143   -1  268  202
 353    23.833   -28.888    18.439   -1  986 1544 1547
 354   -49.274    21.982     2.306   -1  327  597  504
 355     9.346    13.345     8.278   -1  456  735  683
 356   -50.237    43.710    -1.033   -1   89  155  110
 357    36.038    11.300     0.121   -1  499  753  710
 358   -48.953    12.373     1.950   -1  449  769  701
 359    28.096   -29.985    21.835 1127   -1 1587 1605
 360    35.096    -8.311     7.697  838  760 1143   -1
 361   -52.129    19.961   -23.241  376  365   -1  519
 362    50.158     7.159    10.810  581   -1  825  808
 363    18.415   -30.889    14.992   -1 1001 1600 1592
 364    39.893    37.514    -7.664  155   -1  248  208
 365    30.312   -29.765    10.976 1142   -1 1538 1546
 366    -3.632   -14.315     8.799   -1  839 1280 1271
 367    34.068    -4.507    10.427  764  718 1071   -1
 368    38.448    49.608     6.838   38   55   62   -1
 369   -35.225    40.871     7.467  114   -1  213  164
 370    23.729   -31.482     9.874   -1 1029 1589 1596
 371   -48.934    14.939    14.211   -1  420  739  663
 372   -49.539    20.795     1.152   -1  348  622  531
 373     9.552   -32.534     4.453   -1 1074 1619 1598
 374    20.823   -31.928     6.737   -1 1044 1610 1586
 375    12.343   -31.203    -8.051   -1 1067 1534 1524
 376    38.487    46.167     5.241   63   81  118   -1
 377    24.592   -31.599    -3.913   -1 1066 1549 1541
 378   -52.829     7.214     2.562   -1  536  867  786
 379    37.429    11.049    13.686   -1  500  779  730
 380   -48.073    24.631     6.703  314  298   -1  454
 381    19.236   -32.079     6.592   -1 1057 1612 1593
 382   -49.370   -21.174    -2.929   -1  927 1407 1365
 383   -63.586     7.371     6.738  549  530   -1  790
 384   -46.374     5.592    20.341   -1  550  931  848
 385   -36.146    44.442    -6.236   71   -1  154  103
 386    34.880   -11.168     9.582  876  799 1215   -1
 387    56.146    14.197    15.722   -1  467  701  677
 388    10.360   -29.883     2.288   -1  999 1535 1522
 389   -49.191     9.823     9.699   -1  491  820  744
 390   -58.707    -5.162    13.895   -1  699 1157 1065
 391    30.116   -30.687     3.300   -1 1016 1541 1544
 392   -35.836    10.264    13.127  514   -1  816  742
 393    50.214    13.554     5.932  485   -1  713  679
 394    17.634    -5.394     7.522   -1  726 1098 1075
 395   -12.345   -23.939    22.775 1041   -1 1488 1462
 396    33.761   -30.848     4.257 1166   -1 1539 1565
 397    37.257    30.172   -16.879   -1  257  387  319
 398   -56.777    -1.139   -18.103  689   -1 1003  926
 399     2.988    22.917     7.629   -1  333  560  485
 400   -24.984    17.105     7.642   -1  402  676  613
 401    14.264   -32.342     4.448   -1 1065 1607 1604
 402   -58.888   -20.961   -23.692 1017   -1 1369 1341
 403    28.408    23.052   -12.633   -1  343  540  455
 404    19.295   -32.061    13.247   -1 1055 1618 1624
 405    27.392     6.840   -14.310   -1  569  811  778
 406   -48.647    40.753     0.570   -1  104  209  161
 407    16.385    54.033    -9.325    0   17   10   -1
 408    21.912   -31.753     5.455   -1 1046 1581 1580
 409    -6.960    -6.921     9.193   -1  735 1151 1111
 410   -46.153    18.959    19.761   -1  366  678  580
 411   -18.991   -19.922    10.194   -1  903 1398 1375
 412   -45.629    53.633     8.227    3   -1   17   12
 413    20.463   -21.990   -21.677 1055   -1 1352 1368
 414   -25.599    20.391   -10.318  378  362   -1  526
 415    19.548    41.616    14.093   -1  117  197  148
 416   -38.839   -13.962    11.017   -1  815 1311 1262
 417    11.264    46.223    28.863   74   72  133   -1
 418    25.509   -33.062     5.841   -1 1084 1620 1627
 419    37.479     0.402    -8.391   -1  664  935  928
 420    54.663    17.822    -0.704   -1  427  619  582
 421   -45.612   -14.627    17.680   -1  827 1344 1282
 422    52.691    19.455    -7.243   -1  409  573  549
 423   -51.769    42.109   -15.714   -1   96  185  125
 424   -48.358    32.151   -17.277   -1  203  380  298
 425    12.427    40.220    10.548   -1  133  212  168
 426    23.757    50.259     7.257   36   -1   65   28
 427   -48.478    52.197    -8.611    5   -1   41   27
 428   -24.518    24.159   -26.002  323   -1  509  435
 429   -47.899    27.895   -20.972   -1  253  462  369
 430     2.534   -12.282   -12.005   -1  829 1211 1194
 431    39.344    16.721    10.937  448   -1  664  616
 432     2.766     8.520   -14.143  551  541   -1  740
 433   -60.356    42.565    16.759   93   79  208   -1
 434   -37.853    36.357   -13.311  161   -1  285  235
 435    39.448    28.977    21.059   -1  265  439  383
 436   -48.848    47.299   -28.398   42   -1  112   66
 437   -50.286    23.856     0.082   -1  306  559  457
 438   -51.705     8.234   -13.499   -1  528  830  733
 439   -52.879   -28.680     5.487 1113   -1 1551 1508
 440   -51.681    27.488   -10.265   -1  258  485  374
 441    10.546    -4.165    11.436   -1  706 1081 1052
 442   -48.027     1.702    -9.705   -1  621  951  885
 443   -53.851    -0.900    13.237   -1  645 1046  994
 444    24.807   -15.150    19.827   -1  850 1298 1331
 445    36.015     5.974     5.838   -1  580  843  821
 446   -49.514   -14.467     4.502   -1  835 1313 1254
 447     1.205    -6.826     4.678   -1  740 1130 1098
 448    18.287   -29.819    -3.746   -1 1002 1514 1517
 449    35.843    -1.134   -16.619  717   -1  949  938
 450    55.691    -5.515     9.399   -1  733 1073 1089
 451   -58.267    27.731   -22.432  268   -1  468  373
 452   -52.227    42.781    -6.580   -1   88  178  124
 453    36.760   -15.815    -0.815   -1  879 1267 1290
 454   -42.680   -15.854   -20.956   -1  881 1282 1235
 455   -59.605     1.461    10.529   -1  601 1008  925
 456    30.955   -24.029    -9.408 1065  962 1401   -1
 457    19.118    23.643    11.546   -1  328  544  472
 458     7.323    16.003     6.762   -1  424  683  634
 459    18.708    39.165    13.715   -1  147  234  186
 460   -40.411   -24.899    16.769 1048   -1 1512 1449
 461   -49.596    26.714     1.186   -1  260  510  416
 462   -36.075   -10.299   -24.822  857  794   -1 1105
 463    21.613   -33.598   -12.309   -1 1101 1564 1573
 464   -59.231   -19.369   -14.951  979   -1 1362 1328
 465   -51.073     5.593     1.688   -1  558  893  815
 466   -54.145   -28.061    16.698   -1  964 1565 1523
 467    12.790    -0.353    19.596   -1  650 1017  996
 468   -45.405    50.624    16.116   24   -1   83   49
 469   -53.544    17.238     8.052   -1  391  692  609
 470   -60.578    34.122     6.125  181   -1  376  293
 471   -49.483    38.319    17.214   -1  135  282  218
 472    23.255    37.465    -0.604   -1  166  269  210
 473   -49.806    -5.772     0.267   -1  724 1142 1047
 474   -22.873   -16.073    -3.398   -1  874 1314 1273
 475    16.397   -22.585   -13.268 1050   -1 1387 1380
 476    -5.154    11.880   -10.674   -1  480  745  687
 477   -48.248     8.218   -13.425   -1  532  836  727
 478    50.546   -14.562    13.865  946   -1 1260 1307
 479   -32.497   -15.496     6.330   -1  855 1326 1286
 480   -22.106    41.160     6.800   -1  105  204  155
 481   -43.987    -9.358    12.124  818  755   -1 1164
 482   -53.076     0.599   -22.609   -1  640  960  884
 483   -23.233    19.833    21.993  383  371   -1  576
 484   -59.375   -13.076     5.587  888   -1 1286 1232
 485   -16.717    -1.990    17.261   -1  666 1068 1006
 486     8.210   -16.165    23.984   -1  859 1347 1349
 487    49.535     5.700   -17.319   -1  598  814  787
 488    33.880   -33.046     0.941 1181   -1 1595 1617
 489    36.821    28.077    11.708   -1  272  451  396
 490    15.783   -32.656     8.104   -1 1048 1625 1626
 491    49.312   -14.789     4.619  943  860 1257   -1
 492    26.671   -25.033     9.716 1072   -1 1447 1472
 493    16.129    -8.874   -14.272   -1  781 1134 1110
 494   -20.830    -6.460   -24.202  801   -1 1075 1033
 495   -42.997    19.147    -6.638   -1  372  645  557
 496   -49.598    -0.927     5.177   -1  651 1043  961
 497   -14.027    21.063     9.849   -1  354  611  539
 498   -24.974   -15.720     2.030   -1  864 1317 1276
 499    23.376    30.527   -17.628   -1  251  383  311
 500    -8.008    42.261     4.935   -1  101  186  133
 501    36.339    40.414    21.803  130  145  210   -1
 502    40.365   -12.754   -18.339  917   -1 1190 1202
 503    11.088   -26.631    -3.513   -1  984 1468 1451
 504    43.152    -7.512     3.304  827   -1 1113 1130
 505   -11.687    25.692     7.320   -1  295  516  439
 506    23.172   -17.868     7.427   -1  893 1338 1353
 507   -28.019     1.269     0.251   -1  627  969  905
 508   -53.339     1.101     9.143   -1  618  996  931
 509   -59.791    12.648   -12.093  469  459   -1  667
 510   -13.343   -32.069     2.180   -1 1051 1606 1579
 511   -51.046    30.945   -15.985   -1  212  409  307
 512    18.683    15.151    12.486  458  437   -1  658
 513    21.043    22.680     9.981   -1  340  561  493
 514   -39.870    44.114    11.611   87   -1  166  116
 515    15.068     1.862    17.020   -1  608  968  936
 516    26.239   -18.880   -17.456   -1  919 1294 1330
 517    -4.943    30.663     7.591  262  222  404   -1
 518   -50.274    30.019    -1.056   -1  223  446  338
 519     0.650   -14.574    10.670   -1  840 1291 1281
 520    28.010    -5.449   -12.986   -1  745 1063 1021
 521    46.706   -25.794    10.813 1108   -1 1448 1481
 522    46.845    42.478    13.616   98   -1  171  149
 523    51.026     2.476    13.031  649   -1  926  919
 524   -50.168     1.171    10.774   -1  617 1012  923
 525    39.337    29.522     6.398   -1  261  414  359
 526     1.837   -23.210     7.252   -1  943 1424 1427
 527    47.620    21.836   -12.378  366  375   -1  477
 528    17.601    51.549    18.472   31   33   44   -1
 529     7.910    25.441     8.161  315  303  518   -1
 530    -1.646    -1.833    22.355   -1  663 1051 1029
 531   -58.507    20.781    12.272  377   -1  621  564
 532    48.988    -8.047    12.264  846   -1 1141 1157
 533    42.700    16.367     2.037  447   -1  652  629
 534   -61.202   -11.821    -6.713  869   -1 1240 1195
 535     4.236    17.330     8.907   -1  408  663  610
 536    12.882    14.929    25.494   -1  426  727  685
 537   -39.307     5.505   -14.719  574  570   -1  788
 538     1.830    41.133   -19.324   -1  115  189  138
 539   -28.940   -17.795     9.901   -1  883 1368 1343
 540    37.988   -24.478    21.598   -1  951 1451 1484
 541   -11.710    35.057   -36.040  182   -1  294  226
 542    35.951    50.888     6.692   -1   37   36   24
 543   -59.981    14.715   -18.950  446   -1  714  625
 544    38.415    22.252     0.293   -1  347  556  502
 545   -57.997    34.973   -23.842  169   -1  326  241
 546    -9.619    37.065   -17.818   -1  153  272  216
 547    42.661    51.744    17.512   -1   43   11    8
 548     7.534    31.111   -12.327   -1  237  392  301
 549    35.078   -26.501   -27.239 1128   -1 1404 1423
 550     1.219    33.933     7.493   -1  193  343  283
 551     6.898    31.839   -27.769   -1  227  357  287
 552   -35.907    -2.260   -19.974  711  680   -1  950
 553   -56.093   -23.228     0.128 1031   -1 1444 1408
 554    54.849    -7.792     6.645   -1  758 1121 1143
 555   -42.005    -8.408     5.301  803  750   -1 1134
 556   -27.715    35.167    17.950   -1  172  338  267
 557    -7.618    34.763     4.851   -1  183  324  257
 558    53.670    21.124    -2.833   -1  399  545  496
 559   -11.103   -15.942     3.981   -1  880 1308 1287
 560   -17.876   -15.564   -16.860   -1  886 1258 1249
 561    -0.189   -25.891    -5.194   -1  976 1446 1439
 562    15.255    48.123    25.894   57   54   -1   62
 563    19.025     5.074     8.795   -1  577  882  854
 564   -20.911    13.251     7.417   -1  450  764  672
 565    -9.809     2.326   -24.578   -1  631  895  849
 566    -6.542    21.997    13.342   -1  335  601  521
 567    14.921     4.403    18.919   -1  579  906  889
 568   -29.469    50.522     1.006   -1   23   54   39
 569    17.891   -11.398   -20.008   -1  825 1171 1155
 570   -31.709   -25.433   -16.597   -1  972 1440 1409
 571     1.136   -30.638   -13.882   -1 1079 1529 1494
 572    30.155    -0.930   -10.664  710  674  965   -1
 573    -9.404    22.114    22.158   -1  334  594  536
 574     0.288    39.365   -22.121   -1  139  214  160
 575    48.116    30.413    13.962  261   -1  413  343
 576    51.471    29.535    -5.830   -1  287  388  330
 577   -21.780    -2.071   -16.905   -1  683 1001  955
 578   -20.118   -30.446    -7.778 1136 1027 1550   -1
 579     6.628    20.490    -4.220   -1  373  592  528
 580    20.036    18.704   -22.754   -1  404  605  546
 581   -39.897     7.995     8.860  548   -1  849  784
 582   -24.290   -13.289    10.326   -1  807 1279 1252
 583   -49.884   -31.803     6.905   -1 1013 1626 1603
 584   -12.869    -9.687     1.690   -1  773 1182 1175
 585   -26.081     4.714    -0.660   -1  578  883  851
 586     9.182     0.850    -7.283  673  644   -1  907
 587    47.482    -5.715    17.510  788   -1 1103 1125
 588   -33.681    -4.189    -9.535   -1  708 1078 1003
 589    25.156     6.979    21.446   -1  546  865  825
 590    39.990    -2.784    23.769   -1  678 1049 1067
 591   -34.505    12.408   -22.701  479   -1  734  668
 592   -13.057    30.872    31.434  252   -1  448  354
 593     7.980     7.881    20.861   -1  538  852  802
 594   -35.032    22.009    -9.535   -1  331  589  473
 595   -52.254   -10.869   -11.779   -1  800 1225 1137
 596    10.119    35.695    -9.385   -1  187  297  232
 597    -2.537    37.204    -4.775   -1  156  275  221
 598    52.518    19.285     3.658   -1  396  593  575
 599   -61.363    22.509   -18.260  331   -1  572  468
 600   -14.491    -2.168    18.819   -1  670 1077 1009
 601    25.024    -9.622   -22.615   -1  805 1117 1116
 602   -16.065    -0.808     6.408   -1  652 1027  979
 603   -57.648     9.261    18.832   -1  488  848  783
 604    18.586    15.950     2.715  452  423   -1  632
 605   -59.438    47.343   -21.570   29   34  131   -1
 606    -4.223    46.915     6.552   60   -1  126   65
 607     0.800    11.669    -5.304  506  479   -1  696
 608     8.729    29.259    -3.226   -1  262  420  352
 609    26.478     0.091   -19.368   -1  668  922  920
 610   -30.667     7.974    -6.959  550   -1  829  767
 611   -31.129   -13.771     9.440   -1  813 1293 1259
 612   -32.931    52.033     6.084   -1   18   49   15
 613    56.605    11.208    12.698   -1  515  762  724
 614     6.056    34.728    31.130   -1  188  341  291
 615   -45.334   -23.568    11.033 1023   -1 1460 1432
 616     2.014    39.051    13.045   -1  142  247  187
 617    38.118    38.356     2.791  149  157  245   -1
 618     6.947     6.006    -8.680   -1  574  837  794
 619   -20.094   -12.809    -6.435   -1  832 1239 1209
 620    15.909    48.191     7.099   -1   48   98   59
 621   -29.108    13.143     5.921   -1  444  754  689
 622   -46.042    29.949     5.416   -1  221  437  363
 623   -55.327    47.319   -18.517   27   66  101   -1
 624    45.260   -24.834    -1.415 1097   -1 1408 1444
 625    10.256     8.485    17.875   -1  522  818  797
 626   -34.651    26.831   -12.727   -1  280  486  380
 627   -60.827    45.989     4.788   54   45  157   -1
 628    38.225    -0.515     7.813   -1  655  967  995
 629     7.685    41.461   -33.408   -1  114  183  117
 630     5.391   -17.341    18.145   -1  871 1357 1361
 631   -39.987   -15.969    -6.571  950   -1 1306 1260
 632    28.178    37.933   -13.285   -1  175  228  178
 633   -30.076    25.449    -5.295   -1  297  519  424
 634    -1.189    50.770     5.821   28   27   69   -1
 635   -62.449   -18.733    -7.622  977   -1 1364 1327
 636    49.929    44.070     9.381   80   -1  137  126
 637    -1.450   -10.598   -23.500  877   -1 1149 1140
 638   -13.942    16.465    12.369   -1  407  700  627
 639   -22.177    -4.418     5.189   -1  697 1089 1051
 640    28.175    42.832   -12.021   -1  109  160  107
 641   -54.406    15.929    18.739   -1  397  738  651
 642    26.040    18.486   -10.432   -1  410  628  561
 643    -2.845    33.012   -10.881   -1  211  347  277
 644    13.748    26.990     7.455  302  278   -1  406
 645   -36.628    12.168    13.823  486   -1  784  706
 646   -64.282     3.934     2.746  599  582   -1  857
 647   -37.971   -19.912    -5.058  982   -1 1384 1348
 648   -15.012    14.227   -20.145   -1  442  693  642
 649   -57.619    47.264    -1.970   -1   57   93   71
 650    45.913    -9.499    23.404  853   -1 1196 1228
 651     7.123   -32.695     0.636   -1 1075 1615 1583
 652   -62.291    32.949     9.251  211   -1  384  309
 653    39.756    32.446    23.109   -1  214  379  328
 654   -27.928    -9.194   -14.720   -1  777 1168 1101
 655    51.076    17.684    -2.943   -1  434  624  579
 656   -18.178     3.539    -4.505   -1  597  904  860
 657    -3.588    22.050    12.720  368  336   -1  508
 658   -62.901    31.011     1.745  215  216   -1  349
 659    -5.167   -31.996   -16.900   -1 1089 1556 1510
 660   -62.242     9.455     8.574  503   -1  845  768
 661    44.276    22.561    -6.498  346   -1  535  494
 662     9.162   -14.610   -11.511  931  863   -1 1253
 663   -61.805    39.171    -8.233  102   -1  254  219
 664    51.074     8.866     4.748  546  547  801   -1
 665     6.698    -6.144    18.927   -1  720 1144 1121
 666    -2.896     8.820   -21.549   -1  542  782  725
 667     0.797     6.620   -15.969  587  563   -1  773
 668    -6.522    31.904   -28.221   -1  218  369  280
 669    -3.385    24.653    15.035   -1  309  530  467
 670    47.680    37.350    -4.374  144   -1  255  230
 671    53.814    40.048     7.846   -1  169  173  166
 672   -58.358     2.077    -7.283   -1  616  971  863
 673   -50.846   -22.233   -11.253   -1  949 1414 1360
 674   -61.869    36.773    -4.034  135  162   -1  233
 675   -33.391    -4.511    15.438   -1  702 1109 1071
 676    14.638   -20.465   -10.957 1028   -1 1350 1358
 677   -59.842   -27.471    -6.783   -1  993 1498 1458
 678   -26.112    52.622    -8.204    9   -1   32    4
 679   -37.779    -3.496     6.600   -1  676 1114 1010
