701
   1    1      9.958     13.279      8.652
   2    3     23.671     37.096      9.389
   0    0     21.800     41.859      8.110
  -1   -2     15.832    -31.218     13.754
   3  685    -26.318      0.687     13.396
  13    4     -4.975     33.389      0.435
   4   16     21.585     32.448      5.947
  12   -2    -33.594    -10.996     11.874
  -1   -2     37.517     22.831     11.413
   8   -2     38.233     11.269     -0.667
   7  408    -10.801     36.451      3.450
  18    9    -48.308     34.272     11.501
  21   -2     27.797    -30.734      6.635
  17   11    -23.379     48.741      1.178
   6   -2    -22.344     34.718     12.788
   5   -2    -27.026     44.631     13.636
  23   25     10.893    -14.713     10.159
  14   24     -5.345     36.597      4.339
  26   17      5.520      9.765     10.454
  -1   -2     29.750     37.741      6.911
  16   -2      8.841     28.774     11.403
  27   12    -15.449    -21.109      7.052
  19   21    -11.927      2.041      3.577
  -1   -2    -49.100     16.513     10.980
 570  504      1.859    -31.137    -13.696
  15   27     13.460     16.153      3.776
  28   -2    -17.968     47.755     10.628
  -1   -2     39.213     10.537     12.572
  29   14     17.946    -12.547      4.133
  25   -2      1.833     -6.604      6.241
  37   13    -12.403     18.887      4.246
  43   54      7.802    -23.621      0.201
  35   30     18.633    -31.349     11.176
  -1   -2    -45.923     15.337     18.849
  24   31    -36.064     29.074      7.120
  77   52      1.927      2.713     10.933
  -1   -2    -16.176     43.695     15.237
  -1   -2     23.275    -31.521     -2.991
  31   44     29.311    -13.395      5.286
  -1   -2     18.774    -23.316     10.634
  -1   -2     13.499     47.329     10.105
  20   50      7.518     33.115     10.795
  -1   47    -47.566      7.725     -8.632
  34   29    -28.095     15.677      5.237
  40   -2      6.411     13.141     11.572
  49   -2    -17.585    -30.075     13.876
  -1   -2     11.639     37.394      6.113
  -1   -2     -5.452    -26.449     -0.816
  -1   -2     14.526    -30.734    -19.912
  57   93     19.012      9.007      8.380
  69   28    -20.151    -20.480     11.399
  55   74    -29.190    -12.375     11.689
  56  156     12.274      1.177      5.819
  -1   -2    -19.898     31.185     -4.407
  52   53      1.308     21.649     10.181
  36   42    -17.290     26.328      8.206
  45   36     20.303    -19.880      7.440
 158  104    -22.097    -22.451     11.775
 114   39     -7.023     39.527      2.266
  38   41    -27.525     17.503      5.648
  54   56    -13.748      6.313      8.635
  -1   -2      7.904     43.957      9.351
  -1   -2    -48.272     40.218     14.310
  62   61      7.511     21.501      8.368
  -1   -2     39.086     -6.552      5.449
  -1   -2    -39.002    -14.740     10.884
  -1   -2     39.429     50.187      6.097
  -1   -2     11.200     20.727     10.462
  67  122     -6.195    -14.973      9.158
  -1   -2    -11.005    -30.613      9.220
  46   89    -20.646    -16.779      8.656
  -1   -2     37.144     27.574     -7.014
  65   45     -6.009     -7.204     10.886
  -1   -2     38.385     52.055      2.640
 103   94    -16.266     20.852      9.009
  70   57     -4.885      2.650      8.953
  44   75      7.669     35.236      7.836
  -1   -2     23.160    -19.052      8.792
  92   -2     21.669    -12.386      9.264
  -1   -2     22.487    -29.505     11.643
  -1   -2    -21.693      4.572      6.610
  -1   71      6.914    -29.507    -11.858
  -1   -2     38.854      4.683     19.202
  -1   -2    -37.377     22.795     11.339
  66   72    -29.843     31.664     12.194
 107  102    -30.482     50.873    -11.450
  -1   -2      4.418    -30.551    -18.586
  -1   -2     11.921    -23.716     11.628
  -1   -2     11.251     49.740    -11.796
  78   -2    -14.514     50.048     -1.212
  95   -2      5.972    -15.797      6.710
  -1   -2    -37.037      0.803      8.834
  -1   -2     23.008     25.034      7.281
 106  111     -8.779      3.232      4.577
 112  169    -16.929    -15.010     10.530
 104   66     13.026     22.597      6.237
  -1   -2    -49.574     30.480     -2.952
  -1   -2    -43.578    -31.479     -0.511
 124  116     21.703      9.835     13.259
 117  123     19.140    -17.021      7.748
  -1   -2     40.539      1.604    -15.314
  -1   -2    -25.611     40.268     18.943
 153  153    -12.332     20.011      7.218
 190  194    -24.814      9.022     12.732
  -1   -2    -49.445      1.666     -1.350
  -1   -2      9.838     30.227      6.620
  -1   -2     25.591      1.322     18.657
  -1   -2      8.951    -24.161    -25.584
 159   -2    -15.289     16.812      9.358
  -1   -2     12.224     40.251      8.971
  -1   -2    -42.741    -29.351      3.858
 118   96      4.820     -0.897     11.294
  -1   -2     43.019     26.883     -3.465
  -1   -2      8.932     -4.233     11.236
  -1   -2    -19.930     37.717    -18.109
 183   84     22.097     16.152     11.636
  -1   -2    -18.021     39.905     14.979
  -1   -2    -32.778      0.775     10.183
 196  138      5.149     -5.220     10.793
 143   -2     -8.701     -8.986      7.725
  91  106     13.459     19.055      7.170
  63  137     30.473     31.432      5.856
  97   70    -10.653     10.027      6.223
 137   76    -18.180     44.240      9.206
  -1   -2      8.961    -11.397    -21.607
  -1   -2      0.180     44.901      8.977
  -1   -2    -30.164     28.909     11.565
  -1   -2    -28.104    -14.078     16.254
 145   58      2.354     43.096      4.624
  -1  412    -33.041     29.780      7.773
  -1   -2     23.614     15.437      8.356
  -1   -2     -0.694     23.428      9.047
  -1   -2    -48.696      5.309     12.499
  -1   -2    -11.622    -10.164      8.515
  -1   -2     27.792     40.869     10.114
 138   -2    -22.559     -4.302     11.775
 177  146    -56.454     16.887      3.699
  -1   -2    -33.849     -3.906      9.445
 125   -2     -3.229    -16.190      7.947
  -1   -2     24.001     -6.114     11.274
 174  112     -6.142     22.737      6.431
 178   -2    -34.224    -28.759     11.361
  -1   -2    -28.825     -5.028     13.446
  -1   -2     26.214    -11.970      7.998
  -1   -2     13.174     41.842     12.249
  75   -2     -5.648    -19.456      7.306
  -1   -2    -39.035     34.139     12.843
  -1   -2     10.133     22.158      9.003
  -1   -2    -27.498    -24.999     11.420
 260  150    -12.627      3.410      8.441
  -1   -2     38.004     18.171     14.707
  -1   -2    -39.818    -25.305     12.885
  -1   -2    -16.140     -1.456      8.203
 128  147    -29.178     33.504      0.188
  -1   -2     44.494     11.441      2.032
  -1   -2    -49.800    -22.647     10.382
 111  157     11.200     -8.622      8.676
 149  180    -24.761    -22.715     10.775
 213  149      8.472      3.245      7.721
  -1   -2    -13.234      6.014     12.474
  -1   -2     41.296     42.275     20.754
 212  221     -1.596    -21.013      5.444
 218  128    -28.675     -8.805      2.812
  -1   -2     38.933     -4.659      5.147
  -1   -2    -29.770     -6.094     12.368
 201  159      2.895     42.051      0.757
 166  166      2.719     26.412     10.454
  -1   -2     -7.849    -30.779    -17.497
  -1   -2    -46.882     28.127     12.247
  -1   -2      7.204     16.951      5.477
  -1   -2    -31.771     -5.113      8.135
  -1   -2    -29.046    -15.988     14.677
  -1   -2    -28.910    -15.264      7.411
  -1   -2     15.667     40.841     12.492
  -1   -2    -19.565     -8.874     14.770
 123   -2     22.118      7.621      6.408
  -1   -2    -22.706     46.135     10.700
 207  170    -26.917     30.388     12.359
  -1   -2     41.183     26.336     10.466
  -1   -2     10.589     -0.298      8.571
  -1   -2     38.374     36.882      4.959
 192   -2    -10.911     10.570     10.993
 141   -2     17.751     38.597    -10.104
 210  226    -57.066    -14.880    -21.066
 152   -2     13.280      4.266      6.359
  -1   -2     10.658     43.272     11.907
  -1   -2    -13.202     26.133     15.310
  -1   -2    -34.216     36.095    -18.995
  -1   -2    -49.661    -21.844      4.980
  -1   -2    -18.193    -19.756     11.052
 198   -2    -30.651      0.911      2.518
  -1   -2     22.453     -8.911      6.543
 173  140     15.768      0.318     11.028
  -1   -2    -10.570     26.783      9.989
 256  167     14.523     -8.747      8.338
  -1   -2    -16.517    -10.243      6.884
 115  164     11.432      9.158      6.333
 214  236     10.531      7.620      7.305
  -1   -2     13.159     36.578      6.523
  -1   -2     26.870     35.217     15.585
  74   -2    -28.174    -19.305     11.230
 285  271     50.001      4.399      5.123
  -1   -2     -7.267     42.295      5.180
 267  216    -18.634     -5.895      8.556
  -1   -2    -14.825    -28.142     23.881
  -1   -2      4.802     34.474      9.413
  -1   -2     -8.641     27.188     12.544
  -1   -2    -20.945     40.566     -6.091
  87  103     14.122    -10.084      9.466
  -1   -2      1.986     32.604    -13.716
  89   -2     -5.585     -8.958      6.374
  -1   -2     -4.844     12.679     10.569
  -1   -2     -4.480     -6.169     12.971
  -1   -2     18.773     31.408     13.946
  -1   -2    -23.405     17.029      9.753
  -1   -2    -16.094    -17.852     10.477
 203  206     -6.377     11.623      8.500
  -1   -2    -12.908     47.841     16.574
 194   -2    -22.774     -2.885    -22.191
  -1   -2     14.774      5.417     11.411
  -1   -2      4.553    -17.307     10.822
  -1   -2      2.406    -29.531    -19.788
  -1   -2    -46.145     19.033     19.192
  -1   -2    -48.430     -5.841     -2.174
  -1   -2     29.461     21.754     -2.432
  -1   -2     -7.887     13.218     12.012
  -1   -2     -7.737     38.283      1.576
  -1   -2     -9.545     15.610      8.341
 122  219     20.384     -3.898      8.465
  -1   -2    -18.516     13.656     13.586
  -1   -2    -35.489     -3.615     11.708
 269  269    -60.692     24.425      6.518
  -1   -2     22.451     -5.101      3.315
  -1   -2     34.162    -24.560     19.180
  -1   -2    -19.290     -9.713      7.705
  -1   -2    -53.386    -11.683    -19.287
  -1   -2    -31.666     -2.469    -21.329
 179  205     14.507     -2.851      3.128
  -1   -2    -49.869     -0.721      3.880
  -1   -2      0.348     -4.747      8.047
  -1   -2      6.362     -5.170      9.223
 263   -2    -57.820     -7.984     -6.285
  -1   -2    -48.460      9.251     -2.141
  -1   -2    -12.254     31.578      6.689
  -1   -2    -17.730     18.123     12.044
  -1   -2     26.927     -1.975    -13.399
  -1   -2    -51.833    -26.370    -16.278
  -1   -2     40.321     29.184      6.999
  -1   -2    -24.670      4.991     10.264
  -1   -2     16.646     25.668      9.925
  -1   -2    -19.334      2.741     11.791
  -1   -2    -17.862     -3.650      7.685
  -1   -2    -17.609    -14.643    -14.919
  -1   -2     38.960     -0.777      9.893
  -1   -2     16.182     50.774     -4.213
  -1   -2     38.243    -21.189      2.522
 165  687     19.189     -0.553     11.837
  -1   -2      3.731      7.320      1.495
  -1   -2     39.548     33.011     10.567
  -1   -2    -21.037    -13.222    -11.205
  -1   -2    -10.047     14.604     16.235
  -1   -2      0.302     17.741    -11.944
  -1   -2    -59.239     33.593      4.401
  -1   -2    -31.845     -7.152    -16.170
  -1   -2     -2.685     -1.030    -11.614
  -1   -2     -7.051    -31.894     13.291
  -1   -2     26.693     -4.289    -18.285
  -1   -2     36.175     26.617      8.210
  -1   -2    -50.270    -25.645     12.063
  -1   -2     18.044    -11.475    -21.370
  -1   -2     17.292     31.063     10.307
  -1   -2    -44.919      3.299     -3.313
  -1   -2     26.237     21.131     18.974
  -1   -2     19.685     34.352      1.028
  -1   -2     14.194     26.926      3.094
  -1   -2     11.877     -4.521      8.626
  -1   -2    -28.757      2.161     15.434
  -1   -2     25.391     19.728     15.695
  -1   -2     36.413     34.927    -13.526
  -1   -2      7.927     15.953      4.860
  -1   -2    -54.630      6.432    -12.866
  -1   -2     48.760     22.474      1.213
  -1   -2    -45.304     52.930     10.562
  -1   -2    -50.119    -11.718      3.451
  -1   -2    -40.452     43.896      6.798
  -1   -2    -38.232    -19.288     -1.136
  -1   -2     18.249    -29.459     -1.826
  -1   -2    -23.394     11.494     14.089
  -1   -2    -60.940     -6.311     -6.852
  -1   -2    -17.568     23.842    -10.724
  -1   -2     23.875    -14.308     15.874
 300  309    -59.706      0.100    -18.721
  -1   -2    -34.167      5.471    -17.426
  -1   -2    -55.304      3.172     13.798
  -1   -2     14.477     34.581     15.578
  -1   -2     29.242     -8.194     -7.667
  -1   -2    -58.934     30.214      2.888
  -1   -2     19.828     -3.524    -10.735
  -1   -2      0.977     49.017     18.694
  -1   -2     39.936     24.318     11.952
  -1   -2     17.444     -2.089     12.117
  -1   -2    -60.727      5.496      6.226
  -1   -2    -16.123     11.604    -14.700
  -1   -2     -2.493     -5.197     -0.413
  -1   -2    -31.430     35.016     -2.854
  -1   -2     16.456     13.064      7.906
  -1   -2     15.840     28.423     14.705
  -1   -2      2.898     -8.918     13.442
  -1   -2    -50.291     -8.942      9.602
  -1   -2      9.805    -19.520     14.753
 311   -2    -21.654     -0.120     20.823
  -1   -2     -8.828     22.001     12.181
  -1   -2    -34.001    -26.960      6.948
  -1   -2     25.586     22.685     12.537
  -1   -2     28.870     13.277     -5.304
  -1   -2    -61.559      8.256     -1.235
  -1   -2    -24.576     21.238     -3.997
  -1   -2    -56.857     18.610      5.533
  -1   -2    -29.952      1.786     -2.961
  -1   -2    -57.462     40.616      4.177
  -1   -2    -26.235    -12.184     20.568
  -1   -2    -38.766      4.695     -7.702
  -1   -2     16.334     -7.444      8.973
  -1   -2    -38.773     -9.570     -5.827
  -1   -2    -35.901     17.133    -11.931
 250   -2     -1.212      0.510      9.160
  -1   -2     39.152     16.661     19.046
  -1   -2     -7.444     -5.457     23.681
  -1   -2     26.063     -9.083    -21.724
  -1   -2     27.671     47.873     -3.042
  -1   -2     14.238     35.717     -3.479
  -1   -2     14.421    -25.483     12.021
  -1   -2      0.623      6.213      8.386
  -1   -2     49.367     19.671      0.474
  -1   -2    -20.414     36.116    -23.156
  -1   -2    -14.481     -4.175      8.726
  -1   -2    -58.175     -2.766    -20.626
  -1   -2     49.063      5.988      0.287
  -1   -2    -40.195     19.602      8.194
  -1   -2    -61.865     45.175      0.114
  -1   -2    -61.928    -13.310      2.324
  -1   -2     17.511      9.494    -22.786
  -1   -2    -60.450      2.794     -4.328
  -1   -2     38.453    -19.993     11.130
 316   -2    -40.227    -22.386     14.140
  -1   -2     22.815     -1.253    -11.727
  -1   -2     -1.005    -30.628    -17.991
  -1   -2     23.490    -23.359     16.798
  -1   -2    -33.294    -26.912    -12.224
  -1   -2     -2.245     15.509      6.979
  -1   -2    -36.312     44.834      4.903
  -1   -2    -48.631     46.696    -26.007
  -1   -2     19.366     46.421     -3.047
  -1   -2     41.432     39.323     -4.490
  -1   -2    -20.144      8.462     -3.787
  -1   -2    -54.111     42.730    -22.405
  -1   -2    -15.835     31.151     12.766
  -1   -2     18.176    -25.602     16.178
  -1   -2    -59.379      3.022      8.233
  -1   -2     -8.868     -4.085     17.275
  -1   -2     49.600    -15.072      5.697
  -1   -2     42.275     22.843      9.046
  -1   -2    -13.201    -31.210     -2.401
  -1   -2     -3.838     30.344     -7.549
  -1   -2     -1.706    -12.298      1.485
  -1   -2      0.113     -2.535    -11.047
  -1   -2     50.393     -8.865     -4.399
  -1   -2     16.208     29.659     -1.069
  -1   -2     47.915     35.635     20.644
  -1  362     38.520     49.005      3.536
  -1   -2    -52.735     19.943    -23.615
  -1   -2     33.975     -4.650     10.070
  -1   -2    -49.230     12.207      0.032
  -1   -2     29.739     11.927    -17.718
  -1   -2    -49.353     22.020      2.152
  -1   -2     27.529    -31.185     13.927
  -1   -2    -49.633     17.740     11.159
  -1   -2    -47.836     43.754      7.642
 356  688     35.522     11.084      1.340
  -1   -2     28.470     37.944     18.633
  -1   -2      1.792     49.886    -29.592
  -1   -2     19.971    -31.339     11.636
  -1   -2     33.982    -32.933      1.654
  -1   -2    -48.902     14.965     14.532
  -1   -2     27.545     23.537    -21.011
  -1   -2    -11.755     -5.680    -22.660
  -1   -2     38.836      7.712     16.811
 386  396     55.958     13.982     15.752
  -1   -2    -35.474     40.718      8.919
 387  375     10.292    -29.862      2.483
  -1   -2     44.053     24.350     -8.120
  -1   -2    -26.117      0.661     11.198
 379  381    -48.108     24.677      6.577
  -1   -2    -51.467      5.427    -16.027
  -1   -2     37.502     49.928     11.658
  -1   -2     42.505     33.380     -1.977
  -1   -2    -42.831    -30.932    -16.558
  -1   -2    -51.699     20.653    -13.102
  -1   -2     26.407     37.564     -2.944
  50   -2     23.535    -31.507     -2.929
  -1   -2     28.831     10.018      6.891
  -1   -2    -42.781     50.520     -6.496
  -1   -2    -47.995     36.571      7.019
  -1   -2     20.402    -31.670     11.075
  -1   -2     18.364    -32.242      8.940
  -1   -2     21.243    -31.810     -2.425
  -1   -2    -31.361     29.013     11.554
  -1   -2     24.647      9.726     16.803
  -1   -2     50.362      6.824      7.924
  -1   -2    -49.052      2.001     20.180
  -1   -2      5.264      2.325    -24.582
  -1   -2     28.749      3.718    -11.154
  -1   -2     21.140     41.986     25.646
  -1   -2    -13.221    -28.341     24.362
  -1  686     23.294    -32.155     -4.527
  -1   -2    -51.324     27.521     -1.160
  -1   -2     38.485     46.281      5.457
  -1   -2    -37.932     39.712      4.132
  -1   -2     40.130    -31.225     15.288
  -1   -2     -7.726    -15.802      8.737
  -1   -2     20.178    -32.313      2.970
  -1   -2    -49.773    -23.596     21.207
  -1   -2     26.468     14.830    -10.509
 392  442     50.124     13.361      6.022
  -1   -2     28.726      7.414      1.917
  -1   -2    -47.631     -7.874    -21.118
  -1   -2     48.919     -8.789     22.575
  -1  434     22.334    -31.338      7.995
 389   -2    -58.769     -5.164     13.723
  -1   -2    -49.314      0.522      6.842
  -1   -2     -6.427    -29.623    -23.669
  -1   -2      7.402    -29.718     -4.222
  -1   -2      5.401     31.378    -21.164
  -1   -2     19.253     -6.419      8.159
  -1   -2     -2.300     36.513    -30.777
  -1   -2      8.286    -30.072    -11.210
  -1   -2     -7.843     -6.948      9.421
  -1   -2     28.248    -14.909     -9.767
  -1   -2     28.524    -21.165     -5.407
  -1   -2    -24.673     24.202    -24.913
  -1   -2    -28.726     13.126      9.135
  -1   -2    -59.627     12.822    -11.454
  -1  376    -44.703      0.913     21.619
  -1   -2     48.269     30.746      6.391
  -1   -2    -49.607      1.518     11.919
 445   -2    -49.449    -14.362      5.269
  -1   -2    -14.835     37.004      7.776
 353   -2    -49.085     21.013      2.792
  -1   -2     10.246    -30.475     -2.034
  -1   -2    -51.005      2.171    -24.153
  -1   -2    -52.024     12.055    -25.704
  -1   -2    -31.676     27.454     18.796
  -1   -2    -55.556     -0.244     -2.809
  -1   -2     28.600      0.043    -10.697
  -1   -2     14.836    -32.031     13.441
  -1   -2    -49.203     38.565     19.190
  -1   -2     37.316    -12.577    -14.569
  -1   -2    -49.156      8.001    -11.304
  -1   -2     39.886     29.884     22.168
  -1   -2    -50.189     40.822     -0.336
  -1   -2     16.703    -32.291     -0.702
  -1   -2     39.173      2.954      3.156
 449  510     55.794     -5.654      9.426
  -1   -2     38.298     21.596      9.793
  -1   -2     35.964     -0.964    -18.344
  -1   -2    -49.263     25.801      2.712
  -1   -2     10.074     -4.247      8.897
  -1   -2    -52.952     10.211    -22.292
  -1   -2    -11.434    -31.389     14.406
  -1   -2    -52.701    -22.095    -20.339
  -1   -2    -25.129     13.149    -22.449
  -1   -2    -49.647    -17.172      0.043
  -1   -2    -49.821      5.534     16.379
  -1   -2    -50.052     29.105     -1.287
  -1   -2    -52.943    -17.800    -17.567
 419  479     54.419     17.592     -0.452
  -1   -2      2.747     32.768    -25.001
  -1   -2    -48.726     14.185     11.434
  -1   -2    -37.701     37.775     -3.288
  -1   -2    -45.024    -15.030     15.807
  -1   -2     15.388    -16.347      9.770
 483   -2    -59.415    -13.084      5.580
  -1   -2     21.657     28.826     -5.945
  -1   -2     -9.009    -17.179     10.496
  -1   -2    -49.635     23.273     20.117
  -1   -2     36.080     50.923      7.497
  -1   -2    -58.994    -19.977    -16.495
  -1   -2     38.120     38.383      2.750
  -1   -2    -12.933     11.940      2.884
  -1   -2     -7.473     34.536      6.217
  -1   -2    -61.948     14.339    -19.231
  -1   -2     37.013     37.257      9.638
  -1   -2    -14.758     38.932     -9.158
  -1   -2     -4.584     11.372     -7.435
  -1   -2    -36.917     13.083     -3.895
  -1   -2     47.116     39.076      6.916
  -1   -2    -50.165     26.524     -0.367
  -1   -2     30.871     33.806     -0.531
  -1   -2     -2.649     44.494     -6.987
  -1   -2    -30.525    -13.373     -2.965
  -1   -2    -21.225     33.307     14.942
  -1   -2    -22.024     38.411      8.659
  -1   -2     28.962     -6.576    -17.985
  -1   -2     35.034     11.333    -24.603
  -1   -2     19.025     39.475     16.224
  -1   -2     26.428    -25.033     19.747
  -1   -2    -30.168     48.073      0.269
  -1   -2      2.674      8.590    -12.144
  -1   -2    -27.440     32.096      4.883
  -1   -2      4.023     23.632    -19.615
  -1  480    -50.128     40.026     -0.203
  -1   -2    -50.106     28.693      0.560
  -1   -2    -54.740    -29.226      9.966
  -1   -2     17.258     52.516      3.509
  -1   -2     23.295    -16.895      4.552
 511  543     18.572     15.153     12.353
  -1   -2      5.495     34.449     20.343
 433   -2    -37.800     35.971    -14.445
  -1   -2    -50.086     33.263      0.580
  -1   -2      3.936    -17.162     19.162
  -1   -2    -15.117      5.904     20.333
  -1   -2     53.777      4.873      2.858
  -1   -2    -63.913     25.733      0.815
 522  516     50.888      2.341     13.110
  -1   -2    -62.042     22.622    -13.890
  -1   -2     13.428    -21.055      4.776
  -1   -2      3.712     11.505     10.664
  -1   -2     -5.318     28.450     11.390
  -1   -2    -38.783    -17.595      2.449
  -1   -2     -0.314     39.225    -24.806
  -1   -2     27.659     46.189     -3.472
  -1   -2    -12.616     25.485      5.578
  -1   -2     20.105     19.022    -21.839
  -1   -2    -29.583     49.983      0.247
  -1   -2    -27.068    -28.367     -0.698
  -1   -2     11.709    -15.976     17.485
  -1   -2     13.633      1.506     12.591
  -1   -2      7.128     52.796     -8.869
  -1   -2    -17.455     23.030      0.962
  -1   -2    -44.728    -12.642     -6.305
 544  400    -57.937     35.040    -23.702
  -1   -2     20.083     15.036      8.917
  -1   -2    -48.587     50.863    -20.515
  -1   -2      6.955     20.516     -1.861
  -1   -2     46.955     -6.619    -11.417
  -1   -2     38.316     13.481     20.070
  -1   -2    -44.122    -32.679     11.057
  -1   -2     51.138     25.355      1.062
  -1   -2      4.028     16.830      5.484
  -1   -2     27.367     -3.482    -10.030
  -1   -2    -47.996    -17.346     -5.371
  -1   -2     -5.189     43.039      3.865
  -1   -2     47.124     -4.664     18.900
  -1   -2     49.503    -18.775      6.547
  -1   -2     -0.276    -10.850     13.194
  -1   -2    -36.526    -23.660     11.768
  -1   -2      0.438     41.850     -2.453
  -1   -2     49.464     29.548      7.100
  -1   -2    -24.052     14.764     -7.603
  -1   -2    -60.950     -6.024     19.151
  -1   -2    -32.409     11.709     -3.462
  -1   -2    -63.248     -9.448     -4.009
  -1   -2     20.981     37.985     23.924
  -1   -2    -49.354    -21.504     19.848
  -1   -2     55.478     39.337     13.897
  -1   -2    -61.434    -11.880     -8.515
  -1   -2    -36.011     21.965     16.770
  -1   -2    -26.269     19.739      4.448
  -1   -2    -38.005     24.297     -0.653
  -1   -2     18.445     23.279      1.818
  -1   -2     47.248     -9.015    -15.847
  -1   -2     11.277     12.451      3.735
  -1   -2    -14.606     20.881     21.003
  -1   -2     52.642     20.683     -8.459
  -1   -2    -48.614     32.567    -19.020
  -1   -2    -49.052    -19.946     -0.630
  -1   -2     38.078    -16.472      2.558
  -1   -2     10.641     -1.280      7.662
  -1   -2     25.161     21.571    -18.076
  -1   -2     -6.908    -30.361    -26.105
  -1   -2      3.735     -8.234     -7.373
  -1   -2      8.903    -32.305      6.157
  -1   -2    -52.312     -3.287    -13.323
  -1   -2     22.022     24.693     14.311
  -1   -2     -8.773    -25.263      8.943
  -1   -2     36.631     27.914     14.846
  -1   -2    -57.338    -23.849     -8.003
  -1   -2    -35.210      7.610     -2.880
 612  572     56.344     10.952     12.464
  -1   -2    -16.897    -15.668    -12.745
  -1   -2      6.317     32.548    -22.960
  -1   -2     -2.323    -13.167      4.498
  -1   -2    -41.337     31.599      0.260
  -1   -2    -57.631      9.340     18.693
  -1   -2     11.613     15.564     -4.828
  -1   -2      2.392     10.846     14.195
  -1   -2    -37.468     36.730     -8.701
  -1   -2     55.783     20.788     17.481
  -1   -2     13.836      1.044    -10.217
  -1   -2    -13.903      9.376    -20.690
 436   -2    -49.993     24.333      0.303
  -1   -2     -1.646     -4.986     15.507
  -1   -2     40.202    -24.042     19.009
  -1  249     12.780      5.667      9.535
  -1   -2     45.630    -25.068     -3.088
  -1   -2    -24.777    -15.927      1.760
  -1   -2    -31.459      1.356     -8.036
  -1   -2    -64.192      3.935      1.126
  -1   -2     51.432     -0.782      5.566
  -1   -2    -49.640    -19.306     15.805
  -1   -2     19.634      4.537     24.123
  -1   -2    -30.028     -6.957     10.904
  -1   -2    -10.500     36.426      1.494
  -1   -2    -29.091    -15.613     -3.412
  -1   -2      2.792    -20.911    -21.273
  -1   -2    -57.280      1.184     21.521
  -1   -2     38.013    -24.533     21.761
  -1   -2    -59.410     47.410    -21.449
  -1   -2    -18.061     29.089      5.175
  -1   -2      6.770      6.001     -8.983
  -1   -2    -26.212    -14.035     -0.686
  -1   -2     57.027     31.351     23.554
  -1   -2    -10.594    -14.531    -20.635
  -1   -2    -25.686      2.433    -12.749
  -1   -2     36.307     39.847      6.354
  -1   -2    -29.971      9.348      4.835
  -1   -2    -48.181    -10.105    -17.547
  -1   -2    -47.819      1.259     -9.039
  -1   -2     17.023    -26.754      3.760
  -1   -2    -36.414     -3.077    -23.278
  -1   -2     11.257     46.410     28.782
  -1   -2    -28.452     -3.797     -1.621
  -1   -2    -54.518    -20.221      8.129
  -1   -2     -8.638      5.920     17.520
 622   -2    -55.272     47.405    -18.713
  -1   -2     15.202      2.841     13.474
 635  577     49.748     43.929      9.164
  -1   -2     -0.007    -24.732    -10.234
  -1   -2    -52.764     -6.920    -15.084
  -1   -2    -18.373    -26.027      4.410
  -1   -2      9.747    -13.467     -1.347
  -1   -2    -52.575    -11.071    -16.024
  -1   -2    -60.828     38.066     -7.947
  -1   -2     -2.253     14.709    -21.990
  -1   -2     42.869     15.955     -4.438
  -1   -2     -5.092     21.195    -19.969
  -1   -2     20.553     44.324     35.058
  -1   -2     -3.973     14.025     25.205
  -1   -2     12.778     35.443    -10.580
  -1   -2     13.324     -0.105     19.653
  -1   -2     36.333    -25.064     -0.339
  -1   -2     -8.028    -10.939     -0.865
  -1   -2    -28.332     28.899      1.759
  -1   -2     -1.928     45.712    -13.911
  -1   -2     46.934    -25.618     10.936
  -1   -2      5.182    -15.880      8.364
  -1   -2    -38.206     14.321      6.371
  -1   -2     54.763     -8.522      2.800
  -1   -2     44.684     30.101     -4.697
  -1   -2    -60.116    -17.638    -23.974
  -1   -2     26.823     47.042     -4.779
  -1   -2     21.993     -7.033    -11.789
  -1   -2     50.664     -3.506      3.494
  -1   -2     36.785     25.188      5.482
  -1   -2    -61.605     31.761    -16.121
  -1   -2    -25.420     42.905     18.062
  -1   -2    -27.713     16.935    -10.466
  -1   -2    -35.555     15.994     17.397
  -1   -2     10.588    -26.975    -11.026
  -1   -2     10.355     12.233    -13.620
  -1   -2     37.075    -23.492    -15.453
  -1   -2    -29.751    -25.323    -15.736
  -1   -2    -64.224      7.873      2.072
  -1   -2    -30.787     -6.008    -22.725
  -1   -2    -14.368     -4.844     21.872
  -1   -2    -56.271     12.905    -10.797
  -1   -2    -47.135     30.484    -21.915
  -1   -2    -55.681     32.952     -7.907
  -1   -2     -4.476     17.042      4.594
  -1   -2     -9.178      1.483      7.246
  -1   -2     -5.487    -19.676     16.241
  -1   -2     -7.425     -0.178     -6.418
  -1   -2    -60.556     44.076      5.447
  -1   -2     49.430    -11.555      8.727
  -1   -2     24.459     51.351    -14.805
  -1   -2     46.932     43.022     25.078
  -1   -2    -13.573      1.256     -7.281
  -1   -2     14.342     31.237     -2.255
  -1   -2    -57.213      2.608     -1.400
  -1   -2     -4.206      8.724    -23.900
  -1   -2      4.138     39.020     32.366
  -1   -2     18.570    -17.394     19.433
  -1   -2     -2.828    -13.083    -15.782
  -1   -2    -11.655     43.437    -12.225
  -1   -2    -56.962    -27.239    -13.028
  -1   -2     15.819     54.227      2.282
  -1   -2     10.176     40.044     -1.344
 200   -2     10.743     -3.277      5.546
 147   -2     23.546     15.356      5.666
 364   -2     30.302    -29.854     10.578
 373   -2     20.619    -32.040      5.914
