701
   1     9.958    13.279     8.652  513  490  752  693
   2    23.671    37.096     9.389  172  179  289  217
   3    21.800    41.859     8.110  112  120  198  139
   4    15.832   -31.218    13.754 1221 1038 1616 1617
   5   -26.318     0.687    13.396  706  662 1025  980
   6    -4.975    33.389     0.435  226  215  366  276
   7    21.585    32.448     5.947  245  245  377  302
   8   -33.594   -10.996    11.874  897  820 1276 1240
   9    37.517    22.831    11.413  367  371  565  500
  10    38.233    11.269    -0.667  558  531  778  725
  11   -10.801    36.451     3.450  180  172  313  228
  12   -48.308    34.272    11.501  211  192  362  279
  13    27.797   -30.734     6.635 1230 1053 1549 1561
  14   -23.379    48.741     1.178   41   38   95   63
  15   -22.344    34.718    12.788  209  191  347  264
  16   -27.026    44.631    13.636   81   74  165  106
  17    10.893   -14.713    10.159  982  878 1310 1316
  18    -5.345    36.597     4.339  176  174  310  226
  19     5.520     9.765    10.454  569  540  824  768
  20    29.750    37.741     6.911  165  171  267  202
  21     8.841    28.774    11.403  292  287  458  372
  22   -15.449   -21.109     7.052 1072  951 1421 1411
  23   -11.927     2.041     3.577  690  648  968  927
  24   -49.100    16.513    10.980  442  433  723  629
  25     1.859   -31.137   -13.696 1235 1101 1536 1535
  26    13.460    16.153     3.776  473  453  685  628
  27   -17.968    47.755    10.628   52   49  109   75
  28    39.213    10.537    12.572  573  528  805  757
  29    17.946   -12.547     4.133  946  849 1261 1265
  30     1.833    -6.604     6.241  846  771 1158 1141
  31   -12.403    18.887     4.246  424  408  656  579
  32     7.802   -23.621     0.201 1120  982 1436 1445
  33    18.633   -31.349    11.176 1226 1051 1602 1612
  34   -45.923    15.337    18.849  480  436  760  668
  35   -36.064    29.074     7.120  281  272  466  369
  36     1.927     2.713    10.933  683  633  960  928
  37   -16.176    43.695    15.237   92   93  178  116
  38    23.275   -31.521    -2.991 1244 1086 1553 1563
  39    29.311   -13.395     5.286  971  866 1272 1284
  40    18.774   -23.316    10.634 1114  973 1441 1456
  41    13.499    47.329    10.105   56   59  112   73
  42     7.518    33.115    10.795  235  225  372  293
  43   -47.566     7.725    -8.632  591  561  853  780
  44   -28.095    15.677     5.237  471  449  722  643
  45     6.411    13.141    11.572  515  489  766  701
  46   -17.585   -30.075    13.876 1187 1027 1622 1552
  47    11.639    37.394     6.113  167  168  284  211
  48    -5.452   -26.449    -0.816 1157 1010 1490 1480
  49    14.526   -30.734   -19.912 1241 1105 1516 1522
  50    19.012     9.007     8.380  586  551  830  782
  51   -20.151   -20.480    11.399 1057  945 1422 1406
  52   -29.190   -12.375    11.689  924  837 1297 1264
  53    12.274     1.177     5.819  715  668  975  958
  54   -19.898    31.185    -4.407  256  247  400  321
  55     1.308    21.649    10.181  386  378  597  525
  56   -17.290    26.328     8.206  313  315  516  424
  57    20.303   -19.880     7.440 1068  944 1388 1403
  58   -22.097   -22.451    11.775 1082  959 1451 1440
  59    -7.023    39.527     2.266  133  141  237  167
  60   -27.525    17.503     5.648  433  422  680  603
  61   -13.748     6.313     8.635  612  579  888  832
  62     7.904    43.957     9.351   89   95  167  110
  63   -48.272    40.218    14.310  123  111  235  185
  64     7.511    21.501     8.368  391  382  594  526
  65    39.086    -6.552     5.449  862  769 1119 1164
  66   -39.002   -14.740    10.884  955  874 1352 1298
  67    39.429    50.187     6.097   20   48   59   47
  68    11.200    20.727    10.462  401  394  617  547
  69    -6.195   -14.973     9.158  979  882 1324 1311
  70   -11.005   -30.613     9.220 1215 1029 1596 1546
  71   -20.646   -16.779     8.656 1010  908 1368 1350
  72    37.144    27.574    -7.014  301  326  454  377
  73    -6.009    -7.204    10.886  855  774 1186 1167
  74    38.385    52.055     2.640    3   41   31   10
  75   -16.266    20.852     9.009  396  383  625  543
  76    -4.885     2.650     8.953  680  634  961  924
  77     7.669    35.236     7.836  204  195  331  243
  78    23.160   -19.052     8.792 1054  930 1375 1389
  79    21.669   -12.386     9.264  944  842 1263 1271
  80    22.487   -29.505    11.643 1196 1026 1556 1558
  81   -21.693     4.572     6.610  642  608  923  870
  82     6.914   -29.507   -11.858 1209 1036 1517 1519
  83    38.854     4.683    19.202  666  604  915  900
  84   -37.377    22.795    11.339  352  347  591  502
  85   -29.843    31.664    12.194  252  233  408  325
  86   -30.482    50.873   -11.450   19   26   52   22
  87     4.418   -30.551   -18.586 1231 1092 1518 1520
  88    11.921   -23.716    11.628 1117  975 1450 1462
  89    11.251    49.740   -11.796   29   35   75   32
  90   -14.514    50.048    -1.212   31   29   74   37
  91     5.972   -15.797     6.710 1006  900 1326 1330
  92   -37.037     0.803     8.834  700  654 1019  966
  93    23.008    25.034     7.281  338  336  527  446
  94    -8.779     3.232     4.577  671  625  938  901
  95   -16.929   -15.010    10.530  973  877 1332 1315
  96    13.026    22.597     6.237  364  366  573  497
  97   -49.574    30.480    -2.952  258  243  430  340
  98   -43.578   -31.479    -0.511 1202 1052 1632 1559
  99    21.703     9.835    13.259  575  544  821  770
 100    19.140   -17.021     7.748 1024  916 1350 1361
 101    40.539     1.604   -15.314  716  684  913  917
 102   -25.611    40.268    18.943  128  130  240  169
 103   -12.332    20.011     7.218  407  396  641  562
 104   -24.814     9.022    12.732  574  543  846  784
 105   -49.445     1.666    -1.350  689  638 1000  909
 106     9.838    30.227     6.620  273  273  418  342
 107    25.591     1.322    18.657  713  665  988  985
 108     8.951   -24.161   -25.584 1147 1006 1407 1407
 109   -15.289    16.812     9.358  456  435  700  621
 110    12.224    40.251     8.971  126  140  218  159
 111   -42.741   -29.351     3.858 1181 1024 1618 1524
 112     4.820    -0.897    11.294  742  692 1043 1025
 113    43.019    26.883    -3.465  316  330  456  398
 114     8.932    -4.233    11.236  802  730 1115 1093
 115   -19.930    37.717   -18.109  146  151  263  191
 116    22.097    16.152    11.636  479  455  695  642
 117   -18.021    39.905    14.979  135  132  241  170
 118   -32.778     0.775    10.183  702  660 1018  965
 119     5.149    -5.220    10.793  822  747 1133 1116
 120    -8.701    -8.986     7.725  875  800 1220 1196
 121    13.459    19.055     7.170  426  416  644  580
 122    30.473    31.432     5.856  265  266  390  316
 123   -10.653    10.027     6.223  562  535  822  750
 124   -18.180    44.240     9.206   84   86  169  111
 125     8.961   -11.397   -21.607  938  848 1198 1193
 126     0.180    44.901     8.977   79   84  148  100
 127   -30.164    28.909    11.565  282  278  470  373
 128   -28.104   -14.078    16.254  947  859 1336 1301
 129     2.354    43.096     4.624   94  101  177  120
 130   -33.041    29.780     7.773  274  264  448  355
 131    23.614    15.437     8.356  490  465  707  652
 132    -0.694    23.428     9.047  351  346  561  478
 133   -48.696     5.309    12.499  614  577  935  860
 134   -11.622   -10.164     8.515  896  813 1245 1216
 135    27.792    40.869    10.114  121  138  208  150
 136   -22.559    -4.302    11.775  789  721 1132 1084
 137   -56.454    16.887     3.699  437  420  714  606
 138   -33.849    -3.906     9.445  779  709 1127 1067
 139    -3.229   -16.190     7.947 1007  902 1346 1340
 140    24.001    -6.114    11.274  844  760 1141 1145
 141    -6.142    22.737     6.431  358  355  578  494
 142   -34.224   -28.759    11.361 1172 1021 1577 1531
 143   -28.825    -5.028    13.446  803  734 1161 1110
 144    26.214   -11.970     7.998  935  839 1257 1263
 145    13.174    41.842    12.249  114  117  204  141
 146    -5.648   -19.456     7.306 1050  934 1398 1388
 147   -39.035    34.139    12.843  221  190  375  270
 148    10.133    22.158     9.003  378  372  587  517
 149   -27.498   -24.999    11.420 1119  987 1505 1472
 150   -12.627     3.410     8.441  664  621  946  903
 151    38.004    18.171    14.707  452  431  658  598
 152   -39.818   -25.305    12.885 1115  983 1523 1482
 153   -16.140    -1.456     8.203  748  694 1058 1024
 154   -29.178    33.504     0.188  223  202  370  280
 155    44.494    11.441     2.032  556  534  764  729
 156   -49.800   -22.647    10.382 1079  955 1470 1442
 157    11.200    -8.622     8.676  878  797 1199 1195
 158   -24.761   -22.715    10.775 1086  964 1453 1441
 159     8.472     3.245     7.721  677  627  932  911
 160   -13.234     6.014    12.474  620  583  898  845
 161    41.296    42.275    20.754  113  124  181  149
 162    -1.596   -21.013     5.444 1075  953 1417 1410
 163   -28.675    -8.805     2.812  871  798 1226 1171
 164    38.933    -4.659     5.147  827  749 1089 1099
 165   -29.770    -6.094    12.368  824  752 1180 1132
 166     2.895    42.051     0.757  105  108  192  133
 167     2.719    26.412    10.454  321  317  507  423
 168    -7.849   -30.779   -17.497 1232 1102 1529 1514
 169   -46.882    28.127    12.247  295  281  492  387
 170     7.204    16.951     5.477  459  441  674  609
 171   -31.771    -5.113     8.135  805  738 1155 1098
 172   -29.046   -15.988    14.677  976  888 1372 1352
 173   -28.910   -15.264     7.411  975  887 1343 1304
 174    15.667    40.841    12.492  124  135  210  152
 175   -19.565    -8.874    14.770  865  790 1237 1210
 176    22.118     7.621     6.408  604  573  844  800
 177   -22.706    46.135    10.700   66   62  135   92
 178   -26.917    30.388    12.359  270  256  436  348
 179    41.183    26.336    10.466  324  327  503  433
 180    10.589    -0.298     8.571  735  686 1013 1010
 181    38.374    36.882     4.959  179  188  283  220
 182   -10.911    10.570    10.993  555  520  818  747
 183    17.751    38.597   -10.104  141  158  236  178
 184   -57.066   -14.880   -21.066  993  896 1294 1251
 185    13.280     4.266     6.359  661  614  912  883
 186    10.658    43.272    11.907   95  104  176  117
 187   -13.202    26.133    15.310  329  316  526  431
 188   -34.216    36.095   -18.995  166  165  324  219
 189   -49.661   -21.844     4.980 1077  954 1447 1417
 190   -18.193   -19.756    11.052 1046  935 1414 1393
 191   -30.651     0.911     2.518  704  664 1002  949
 192    22.453    -8.911     6.543  893  805 1194 1202
 193    15.768     0.318    11.028  727  678 1006  994
 194   -10.570    26.783     9.989  311  306  504  412
 195    14.523    -8.747     8.338  882  799 1200 1199
 196   -16.517   -10.243     6.884  900  811 1248 1214
 197    11.432     9.158     6.333  583  549  827  776
 198    10.531     7.620     7.305  602  570  850  806
 199    13.159    36.578     6.523  187  178  299  223
 200    26.870    35.217    15.585  208  200  333  249
 201   -28.174   -19.305    11.230 1033  928 1413 1387
 202    50.001     4.399     5.123  669  623  887  884
 203    -7.267    42.295     5.180  101  105  193  131
 204   -18.634    -5.895     8.556  826  754 1162 1123
 205   -14.825   -28.142    23.881 1154 1004 1610 1547
 206     4.802    34.474     9.413  212  201  341  262
 207    -8.641    27.188    12.544  309  303  505  402
 208   -20.945    40.566    -6.091  115  112  216  153
 209    14.122   -10.084     9.466  902  817 1232 1225
 210     1.986    32.604   -13.716  231  227  358  289
 211    -5.585    -8.958     6.374  879  802 1212 1192
 212    -4.844    12.679    10.569  522  496  783  716
 213    -4.480    -6.169    12.971  833  757 1169 1138
 214    18.773    31.408    13.946  261  259  403  328
 215   -23.405    17.029     9.753  447  429  699  619
 216   -16.094   -17.852    10.477 1020  920 1378 1369
 217    -6.377    11.623     8.500  539  509  800  728
 218   -12.908    47.841    16.574   53   51  104   78
 219   -22.774    -2.885   -22.191  775  726 1024 1008
 220    14.774     5.417    11.411  636  599  897  857
 221     4.553   -17.307    10.822 1019  915 1367 1367
 222     2.406   -29.531   -19.788 1206 1087 1486 1512
 223   -46.145    19.033    19.192  417  393  696  588
 224   -48.430    -5.841    -2.174  817  751 1163 1091
 225    29.461    21.754    -2.432  382  397  571  513
 226    -7.887    13.218    12.012  512  484  776  698
 227    -7.737    38.283     1.576  151  153  264  193
 228    -9.545    15.610     8.341  477  454  717  647
 229    20.384    -3.898     8.465  798  727 1093 1078
 230   -18.516    13.656    13.586  502  478  780  686
 231   -35.489    -3.615    11.708  768  707 1128 1063
 232   -60.692    24.425     6.518  335  331  562  460
 233    22.451    -5.101     3.315  828  755 1105 1101
 234    34.162   -24.560    19.180 1139  974 1452 1507
 235   -19.290    -9.713     7.705  887  804 1243 1211
 236   -53.386   -11.683   -19.287  918  840 1255 1198
 237   -31.666    -2.469   -21.329  767  708 1023  990
 238    14.507    -2.851     3.128  778  710 1065 1048
 239   -49.869    -0.721     3.880  726  681 1061  995
 240     0.348    -4.747     8.047  812  742 1116 1100
 241     6.362    -5.170     9.223  823  745 1129 1113
 242   -57.820    -7.984    -6.285  850  791 1204 1134
 243   -48.460     9.251    -2.141  564  538  842  748
 244   -12.254    31.578     6.689  254  244  401  322
 245   -17.730    18.123    12.044  430  418  675  599
 246    26.927    -1.975   -13.399  764  717 1004 1005
 247   -51.833   -26.370   -16.278 1168  998 1489 1454
 248    40.321    29.184     6.999  290  302  422  359
 249   -24.670     4.991    10.264  628  593  928  872
 250    16.646    25.668     9.925  331  334  522  439
 251   -19.334     2.741    11.791  674  626  971  922
 252   -17.862    -3.650     7.685  777  713 1110 1062
 253   -17.609   -14.643   -14.919  990  899 1289 1252
 254    38.960    -0.777     9.893  759  689 1007 1030
 255    16.182    50.774    -4.213   26   37   51   13
 256    38.243   -21.189     2.522 1105  961 1382 1408
 257    19.189    -0.553    11.837  740  690 1029 1019
 258     3.731     7.320     1.495  599  574  852  809
 259    39.548    33.011    10.567  246  234  346  304
 260   -21.037   -13.222   -11.205  945  871 1273 1245
 261   -10.047    14.604    16.235  495  469  757  666
 262     0.302    17.741   -11.944  443  432  649  585
 263   -59.239    33.593     4.401  196  212  380  287
 264   -31.845    -7.152   -16.170  853  781 1153 1105
 265    -2.685    -1.030   -11.614  753  697 1005  971
 266    -7.051   -31.894    13.291 1229 1067 1639 1603
 267    26.693    -4.289   -18.285  814  761 1050 1047
 268    36.175    26.617     8.210  330  322  499  405
 269   -50.270   -25.645    12.063 1148  979 1519 1491
 270    18.044   -11.475   -21.370  950  855 1193 1194
 271    17.292    31.063    10.307  267  263  407  333
 272   -44.919     3.299    -3.313  654  617  949  894
 273    26.237    21.131    18.974  408  384  611  553
 274    19.685    34.352     1.028  214  210  335  258
 275    14.194    26.926     3.094  314  319  485  395
 276    11.877    -4.521     8.626  810  739 1113 1094
 277   -28.757     2.161    15.434  684  630  996  943
 278    25.391    19.728    15.695  421  402  636  589
 279    36.413    34.927   -13.526  205  213  308  238
 280     7.927    15.953     4.860  472  456  698  638
 281   -54.630     6.432   -12.866  609  571  870  802
 282    48.760    22.474     1.213  363  404  544  484
 283   -45.304    52.930    10.562    2   24   18    5
 284   -50.119   -11.718     3.451  911  834 1278 1233
 285   -40.452    43.896     6.798   87   71  173  115
 286   -38.232   -19.288    -1.136 1045  933 1389 1371
 287    18.249   -29.459    -1.826 1194 1034 1525 1536
 288   -23.394    11.494    14.089  543  499  812  739
 289   -60.940    -6.311    -6.852  830  746 1183 1106
 290   -17.568    23.842   -10.724  339  345  551  442
 291    23.875   -14.308    15.874  978  867 1298 1338
 292   -59.706     0.100   -18.721  725  674 1008  930
 293   -34.167     5.471   -17.426  619  603  882  801
 294   -55.304     3.172    13.798  656  612  987  904
 295    14.477    34.581    15.578  220  211  338  265
 296    29.242    -8.194    -7.667  872  812 1146 1160
 297   -58.934    30.214     2.888  268  246  447  346
 298    19.828    -3.524   -10.735  794  740 1057 1041
 299     0.977    49.017    18.694   48   39   93   65
 300    39.936    24.318    11.952  346  340  533  482
 301    17.444    -2.089    12.117  762  703 1066 1044
 302   -60.727     5.496     6.226  615  578  924  844
 303   -16.123    11.604   -14.700  538  511  762  704
 304    -2.493    -5.197    -0.413  825  756 1117 1081
 305   -31.430    35.016    -2.854  191  184  337  247
 306    16.456    13.064     7.906  517  500  753  696
 307    15.840    28.423    14.705  299  299  464  378
 308     2.898    -8.918    13.442  891  783 1225 1209
 309   -50.291    -8.942     9.602  861  794 1250 1188
 310     9.805   -19.520    14.753 1051  931 1392 1421
 311   -21.654    -0.120    20.823  722  675 1081  999
 312    -8.828    22.001    12.181  360  362  616  528
 313   -34.001   -26.960     6.948 1152 1003 1534 1494
 314    25.586    22.685    12.537  376  376  563  503
 315    28.870    13.277    -5.304  526  501  733  673
 316   -61.559     8.256    -1.235  594  542  861  778
 317   -24.576    21.238    -3.997  369  385  593  524
 318   -56.857    18.610     5.533  411  395  688  591
 319   -29.952     1.786    -2.961  681  661  985  908
 320   -57.462    40.616     4.177   93  126  215  183
 321   -26.235   -12.184    20.568  919  824 1316 1273
 322   -38.766     4.695    -7.702  653  597  902  837
 323    16.334    -7.444     8.973  864  786 1160 1175
 324   -38.773    -9.570    -5.827  880  810 1229 1173
 325   -35.901    17.133   -11.931  432  426  673  597
 326    -1.212     0.510     9.160  718  671 1009  983
 327    39.152    16.661    19.046  481  443  676  655
 328    -7.444    -5.457    23.681  801  744 1176 1163
 329    26.063    -9.083   -21.724  907  830 1138 1136
 330    27.671    47.873    -3.042   50   60   85   70
 331    14.238    35.717    -3.479  202  193  309  227
 332    14.421   -25.483    12.021 1131  988 1503 1492
 333     0.623     6.213     8.386  622  580  883  838
 334    49.367    19.671     0.474  419  427  613  561
 335   -20.414    36.116   -23.156  175  163  293  221
 336   -14.481    -4.175     8.726  795  719 1123 1075
 337   -58.175    -2.766   -20.626  752  720 1054 1012
 338    49.063     5.988     0.287  632  618  851  830
 339   -40.195    19.602     8.194  416  398  653  563
 340   -61.865    45.175     0.114   49   47  164  127
 341   -61.928   -13.310     2.324  953  829 1331 1266
 342    17.511     9.494   -22.786  589  567  770  727
 343   -60.450     2.794    -4.328  655  628  982  878
 344    38.453   -19.993    11.130 1066  950 1387 1412
 345   -40.227   -22.386    14.140 1080  952 1461 1447
 346    22.815    -1.253   -11.727  771  705  973  979
 347    -1.005   -30.628   -17.991 1234 1076 1530 1510
 348    23.490   -23.359    16.798 1108  966 1456 1467
 349   -33.294   -26.912   -12.224 1153 1022 1493 1461
 350    -2.245    15.509     6.979  488  446  721  656
 351   -36.312    44.834     4.903   68   68  159  107
 352   -48.631    46.696   -26.007   38   55  115   79
 353    19.366    46.421    -3.047   67   73  111   74
 354    41.432    39.323    -4.490  137  160  219  160
 355   -20.144     8.462    -3.787  578  565  831  781
 356   -54.111    42.730   -22.405   59   96  182  126
 357   -15.835    31.151    12.766  251  252  440  336
 358    18.176   -25.602    16.178 1138  990 1515 1501
 359   -59.379     3.022     8.233  649  619  994  916
 360    -8.868    -4.085    17.275  776  712 1142 1103
 361    49.600   -15.072     5.697 1011  889 1291 1329
 362    42.275    22.843     9.046  379  373  541  508
 363   -13.201   -31.210    -2.401 1217 1043 1612 1544
 364    -3.838    30.344    -7.549  276  260  415  319
 365    -1.706   -12.298     1.485  941  851 1265 1237
 366     0.113    -2.535   -11.047  757  714 1063 1020
 367    50.393    -8.865    -4.399  910  819 1164 1174
 368    16.208    29.659    -1.069  278  270  424  360
 369    47.915    35.635    20.644  195  220  304  252
 370    38.520    49.005     3.536   34   58   88   -1
 371   -52.735    19.943   -23.615  397  390   -1  519
 372    33.975    -4.650    10.070  819  748 1112   -1
 373   -49.230    12.207     0.032   -1  494  791  707
 374    29.739    11.927   -17.718  545  527  742   -1
 375   -49.353    22.020     2.152   -1  352  605  511
 376    27.529   -31.185    13.927   -1 1054 1595 1619
 377   -49.633    17.740    11.159   -1  414  702  602
 378   -47.836    43.754     7.642   80   81   -1  119
 379    35.522    11.084     1.340   -1  529  779  738
 380    28.470    37.944    18.633   -1  166  272  209
 381     1.792    49.886   -29.592   -1   33   58   21
 382    19.971   -31.339    11.636   -1 1047 1611 1611
 383    33.982   -32.933     1.654 1251   -1 1597 1631
 384   -48.902    14.965    14.532   -1  450  755  669
 385    27.545    23.537   -21.011   -1  368  523  445
 386   -11.755    -5.680   -22.660   -1  773 1091 1055
 387    38.836     7.712    16.811  606   -1  845  823
 388    55.958    13.982    15.752   -1  502  726  689
 389   -35.474    40.718     8.919  117   -1  225  157
 390    10.292   -29.862     2.483   -1 1031 1542 1539
 391    44.053    24.350    -8.120  341   -1  514  447
 392   -26.117     0.661    11.198   -1  657 1021  977
 393   -48.108    24.677     6.577  333  328   -1  454
 394   -51.467     5.427   -16.027   -1  592  881  812
 395    37.502    49.928    11.658   33   52   63   -1
 396    42.505    33.380    -1.977  230   -1  339  274
 397   -42.831   -30.932   -16.558 1214   -1 1560 1518
 398   -51.699    20.653   -13.102  389  379   -1  516
 399    26.407    37.564    -2.944   -1  175  266  198
 400    23.535   -31.507    -2.929   -1 1088 1559 1555
 401    28.831    10.018     6.891  570   -1  809  759
 402   -42.781    50.520    -6.496   21   -1   73   33
 403   -47.995    36.571     7.019   -1  159  327  231
 404    20.402   -31.670    11.075   -1 1056 1619 1626
 405    18.364   -32.242     8.940   -1 1081 1617 1639
 406    21.243   -31.810    -2.425   -1 1097 1564 1564
 407   -31.361    29.013    11.554   -1  274  473  370
 408    24.647     9.726    16.803  576   -1  826  783
 409    50.362     6.824     7.924  624   -1  849  825
 410   -49.052     2.001    20.180   -1  622 1031  955
 411     5.264     2.325   -24.582   -1  669  909  868
 412    28.749     3.718   -11.154  673  646  895   -1
 413    21.140    41.986    25.646   -1  121  205  142
 414   -13.221   -28.341    24.362 1155   -1 1603 1549
 415    23.294   -32.155    -4.527   -1 1106 1561 1583
 416   -51.324    27.521    -1.160   -1  286  494  385
 417    38.485    46.281     5.457   63   83  122   -1
 418   -37.932    39.712     4.132  129   -1  244  173
 419    40.130   -31.225    15.288   -1 1058 1571 1638
 420    -7.726   -15.802     8.737   -1  895 1344 1335
 421    20.178   -32.313     2.970   -1 1103 1608 1604
 422   -49.773   -23.596    21.207   -1  958 1499 1478
 423    26.468    14.830   -10.509   -1  481  690  641
 424    50.124    13.361     6.022  523   -1  736  692
 425    28.726     7.414     1.917   -1  582  840  803
 426   -47.631    -7.874   -21.118  860  793 1167   -1
 427    48.919    -8.789    22.575  894   -1 1205 1236
 428    22.334   -31.338     7.995   -1 1065 1575 1597
 429   -58.769    -5.164    13.723   -1  724 1184 1107
 430   -49.314     0.522     6.842   -1  666 1034  962
 431    -6.427   -29.623   -23.669   -1 1089 1502 1486
 432     7.402   -29.718    -4.222   -1 1033 1526 1533
 433     5.401    31.378   -21.164  248  257   -1  298
 434    19.253    -6.419     8.159   -1  767 1145 1146
 435    -2.300    36.513   -30.777   -1  177  285  197
 436     8.286   -30.072   -11.210   -1 1068 1522 1525
 437    -7.843    -6.948     9.421   -1  764 1177 1155
 438    28.248   -14.909    -9.767   -1  910 1271 1285
 439    28.524   -21.165    -5.407 1095  963 1386   -1
 440   -24.673    24.202   -24.913  340   -1  520  430
 441   -28.726    13.126     9.135   -1  477  785  695
 442   -59.627    12.822   -11.454  506  482   -1  674
 443   -44.703     0.913    21.619  694  645   -1  996
 444    48.269    30.746     6.391  262  294  397   -1
 445   -49.607     1.518    11.919   -1  636 1016  953
 446   -49.449   -14.362     5.269   -1  863 1333 1287
 447   -14.835    37.004     7.776   -1  162  306  222
 448   -49.085    21.013     2.792   -1  364  629  531
 449    10.246   -30.475    -2.034   -1 1057 1545 1538
 450   -51.005     2.171   -24.153   -1  651  933  863
 451   -52.024    12.055   -25.704   -1  505  767  671
 452   -31.676    27.454    18.796   -1  291  513  404
 453   -55.556    -0.244    -2.809   -1  679 1040  963
 454    28.600     0.043   -10.697   -1  695  965  948
 455    14.836   -32.031    13.441   -1 1064 1635 1636
 456   -49.203    38.565    19.190   -1  142  277  210
 457    37.316   -12.577   -14.569   -1  880 1235 1227
 458   -49.156     8.001   -11.304   -1  556  859  751
 459    39.886    29.884    22.168   -1  279  431  367
 460   -50.189    40.822    -0.336   -1  107  217  154
 461    16.703   -32.291    -0.702   -1 1098 1580 1596
 462    39.173     2.954     3.156  691   -1  918  920
 463    55.794    -5.654     9.426   -1  768 1107 1133
 464    38.298    21.596     9.793   -1  388  566  539
 465    35.964    -0.964   -18.344  763   -1  962  969
 466   -49.263    25.801     2.712   -1  310  536  426
 467    10.074    -4.247     8.897   -1  729 1111 1089
 468   -52.952    10.211   -22.292   -1  526  806  717
 469   -11.434   -31.389    14.406   -1 1044 1641 1598
 470   -52.701   -22.095   -20.339 1097  969   -1 1382
 471   -25.129    13.149   -22.449   -1  491  739  658
 472   -49.647   -17.172     0.043   -1  912 1377 1322
 473   -49.821     5.534    16.379   -1  575  936  854
 474   -50.052    29.105    -1.287   -1  262  463  363
 475   -52.943   -17.800   -17.567 1031  924   -1 1309
 476    54.419    17.592    -0.452   -1  460  637  594
 477     2.747    32.768   -25.001   -1  228  349  267
 478   -48.726    14.185    11.434   -1  459  775  679
 479   -37.701    37.775    -3.288  152   -1  288  203
 480   -45.024   -15.030    15.807  967   -1 1365 1317
 481    15.388   -16.347     9.770 1013  906   -1 1353
 482   -59.415   -13.084     5.580  936   -1 1317 1261
 483    21.657    28.826    -5.945  287   -1  437  356
 484    -9.009   -17.179    10.496   -1  913 1371 1362
 485   -49.635    23.273    20.117   -1  337  596  505
 486    36.080    50.923     7.497   -1   40   37   29
 487   -58.994   -19.977   -16.495 1067   -1 1390 1358
 488    38.120    38.383     2.750  147  164  250   -1
 489   -12.933    11.940     2.884   -1  503  790  720
 490    -7.473    34.536     6.217   -1  198  342  257
 491   -61.948    14.339   -19.231  482  471   -1  627
 492    37.013    37.257     9.638   -1  182  273  215
 493   -14.758    38.932    -9.158   -1  143  245  177
 494    -4.584    11.372    -7.435   -1  515  786  711
 495   -36.917    13.083    -3.895  514   -1  761  678
 496    47.116    39.076     6.916  145   -1  234  174
 497   -50.165    26.524    -0.367   -1  298  517  408
 498    30.871    33.806    -0.531   -1  229  340  263
 499    -2.649    44.494    -6.987   -1   85  150   97
 500   -30.525   -13.373    -2.965   -1  865 1293 1253
 501   -21.225    33.307    14.942   -1  209  385  295
 502   -22.024    38.411     8.659   -1  145  280  196
 503    28.962    -6.576   -17.985  863  796 1087   -1
 504    35.034    11.333   -24.603   -1  547  745  684
 505    19.025    39.475    16.224   -1  150  239  176
 506    26.428   -25.033    19.747 1134   -1 1481 1508
 507   -30.168    48.073     0.269   46   -1  105   66
 508     2.674     8.590   -12.144  596  562   -1  755
 509   -27.440    32.096     4.883   -1  226  396  311
 510     4.023    23.632   -19.615   -1  353  534  440
 511   -50.128    40.026    -0.203   -1  123  227  162
 512   -50.106    28.693     0.560   -1  269  476  371
 513   -54.740   -29.226     9.966 1203 1000   -1 1541
 514    17.258    52.516     3.509   18   -1   29    0
 515    23.295   -16.895     4.552   -1  923 1328 1354
 516    18.572    15.153    12.353  492  468   -1  663
 517     5.495    34.449    20.343   -1  204  344  275
 518   -37.800    35.971   -14.445  184   -1  296  234
 519   -50.086    33.263     0.580   -1  199  381  286
 520     3.936   -17.162    19.162   -1  905 1374 1379
 521   -15.117     5.904    20.333   -1  576  917  862
 522    53.777     4.873     2.858   -1  629  869  853
 523   -63.913    25.733     0.815  300  323   -1  437
 524    50.888     2.341    13.110  703   -1  942  952
 525   -62.042    22.622   -13.890  344   -1  586  476
 526    13.428   -21.055     4.776   -1  957 1405 1413
 527     3.712    11.505    10.664   -1  510  801  732
 528    -5.318    28.450    11.390  284   -1  486  375
 529   -38.783   -17.595     2.449 1014   -1 1376 1344
 530    -0.314    39.225   -24.806   -1  148  220  155
 531    27.659    46.189    -3.472   65   76  119   -1
 532   -12.616    25.485     5.578   -1  325  532  434
 533    20.105    19.022   -21.839   -1  424  614  544
 534   -29.583    49.983     0.247   -1   25   86   46
 535   -27.068   -28.367    -0.698 1178   -1 1532 1504
 536    11.709   -15.976    17.485   -1  894 1353 1359
 537    13.633     1.506    12.591   -1  649  984  964
 538     7.128    52.796    -8.869   16   19   23   -1
 539   -17.455    23.030     0.962   -1  350  568  477
 540   -44.728   -12.642    -6.305  915   -1 1282 1241
 541   -57.937    35.040   -23.702  169   -1  336  237
 542    20.083    15.036     8.917  496  472   -1  659
 543   -48.587    50.863   -20.515    5   -1   67   51
 544     6.955    20.516    -1.861   -1  401  600  533
 545    46.955    -6.619   -11.417  876   -1 1095 1104
 546    38.316    13.481    20.070   -1  485  746  724
 547   -44.122   -32.679    11.057   -1 1063 1659 1624
 548    51.138    25.355     1.062   -1  354  490  429
 549     4.028    16.830     5.484   -1  445  679  614
 550    27.367    -3.482   -10.030   -1  743 1044 1045
 551   -47.996   -17.346    -5.371   -1  918 1360 1333
 552    -5.189    43.039     3.865   96   97   -1  121
 553    47.124    -4.664    18.900  832   -1 1114 1129
 554    49.503   -18.775     6.547 1063  927 1361   -1
 555    -0.276   -10.850    13.194  914   -1 1252 1255
 556   -36.526   -23.660    11.768 1098   -1 1482 1453
 557     0.438    41.850    -2.453   -1  115  194  128
 558    49.464    29.548     7.100  286   -1  419  353
 559   -24.052    14.764    -7.603   -1  462  720  645
 560   -60.950    -6.024    19.151   -1  736 1201 1162
 561   -32.409    11.709    -3.462  529   -1  793  714
 562   -63.248    -9.448    -4.009  874   -1 1247 1180
 563    20.981    37.985    23.924   -1  161  287  212
 564   -49.354   -21.504    19.848   -1  942 1455 1448
 565    55.478    39.337    13.897   -1  180  190  187
 566   -61.434   -11.880    -8.515  920   -1 1267 1229
 567   -36.011    21.965    16.770   -1  360  615  523
 568   -26.269    19.739     4.448  404  387   -1  583
 569   -38.005    24.297    -0.653  336   -1  554  455
 570    18.445    23.279     1.818   -1  359  548  470
 571    47.248    -9.015   -15.847  921   -1 1140 1148
 572    11.277    12.451     3.735  534  498   -1  709
 573   -14.606    20.881    21.003   -1  381  628  569
 574    52.642    20.683    -8.459   -1  428  560  510
 575   -48.614    32.567   -19.020   -1  216  386  266
 576   -49.052   -19.946    -0.630   -1  943 1419 1373
 577    38.078   -16.472     2.558 1038  904 1288   -1
 578    10.641    -1.280     7.662   -1  699 1037 1027
 579    25.161    21.571   -18.076   -1  392  550  501
 580    -6.908   -30.361   -26.105   -1 1108 1501 1500
 581     3.735    -8.234    -7.373   -1  801 1159 1166
 582     8.903   -32.305     6.157   -1 1093 1633 1601
 583   -52.312    -3.287   -13.323   -1  718 1080 1026
 584    22.022    24.693    14.311   -1  338  537  462
 585    -8.773   -25.263     8.943 1129   -1 1494 1481
 586    36.631    27.914    14.846   -1  305  460  400
 587   -57.338   -23.849    -8.003 1136  962   -1 1435
 588   -35.210     7.610    -2.880  601   -1  857  787
 589    56.344    10.952    12.464   -1  545  788  745
 590   -16.897   -15.668   -12.745   -1  919 1301 1278
 591     6.317    32.548   -22.960   -1  241  367  261
 592    -2.323   -13.167     4.498  959   -1 1281 1269
 593   -41.337    31.599     0.260   -1  223  404  323
 594   -57.631     9.340    18.693   -1  516  865  793
 595    11.613    15.564    -4.828   -1  461  694  625
 596     2.392    10.846    14.195   -1  519  816  744
 597   -37.468    36.730    -8.701  171   -1  301  214
 598    55.783    20.788    17.481   -1  412  592  556
 599    13.836     1.044   -10.217   -1  676  959  932
 600   -13.903     9.376   -20.690   -1  558  804  731
 601   -49.993    24.333     0.303   -1  332  545  458
 602    -1.646    -4.986    15.507   -1  732 1143 1124
 603    40.202   -24.042    19.009 1142   -1 1449 1489
 604    12.780     5.667     9.535   -1  591  891  848
 605    45.630   -25.068    -3.088 1173   -1 1427 1469
 606   -24.777   -15.927     1.760   -1  901 1348 1307
 607   -31.459     1.356    -8.036   -1  655  974  921
 608   -64.192     3.935     1.126  638  610   -1  880
 609    51.432    -0.782     5.566   -1  704  991 1016
 610   -49.640   -19.306    15.805   -1  922 1423 1401
 611    19.634     4.537    24.123   -1  602  929  918
 612   -30.028    -6.957    10.904   -1  758 1202 1153
 613   -10.500    36.426     1.494   -1  170  300  232
 614   -29.091   -15.613    -3.412   -1  898 1325 1297
 615     2.792   -20.911   -21.273   -1  972 1364 1372
 616   -57.280     1.184    21.521   -1  635 1064  967
 617    38.013   -24.533    21.761   -1  981 1468 1502
 618   -59.410    47.410   -21.449   27   36  132   -1
 619   -18.061    29.089     5.175  280   -1  461  368
 620     6.770     6.001    -8.983   -1  606  856  811
 621   -26.212   -14.035    -0.686   -1  870 1306 1275
 622    57.027    31.351    23.554   -1  283  387  330
 623   -10.594   -14.531   -20.635   -1  914 1274 1242
 624   -25.686     2.433   -12.749   -1  632  945  889
 625    36.307    39.847     6.354  136  154  214   -1
 626   -29.971     9.348     4.835   -1  537  832  777
 627   -48.181   -10.105   -17.547   -1  833 1211 1158
 628   -47.819     1.259    -9.039   -1  650  983  929
 629    17.023   -26.754     3.760   -1 1011 1495 1497
 630   -36.414    -3.077   -23.278   -1  735 1055  984
 631    11.257    46.410    28.782   75   66  136   -1
 632   -28.452    -3.797    -1.621   -1  728 1099 1049
 633   -54.518   -20.221     8.129   -1  937 1426 1398
 634    -8.638     5.920    17.520  613  581   -1  881
 635   -55.272    47.405   -18.713   23   63  102   -1
 636    15.202     2.841    13.474   -1  637  951  934
 637    49.748    43.929     9.164   82   -1  140  125
 638    -0.007   -24.732   -10.234   -1 1008 1432 1443
 639   -52.764    -6.920   -15.084   -1  778 1166 1079
 640   -18.373   -26.027     4.410 1137  996   -1 1483
 641     9.747   -13.467    -1.347  969  864   -1 1279
 642   -52.575   -11.071   -16.024   -1  843 1251 1169
 643   -60.828    38.066    -7.947  116   -1  292  225
 644    -2.253    14.709   -21.990  494   -1  681  637
 645    42.869    15.955    -4.438  485   -1  665  639
 646    -5.092    21.195   -19.969   -1  391  574  496
 647    20.553    44.324    35.058   -1   94  168  122
 648    -3.973    14.025    25.205   -1  464  769  712
 649    12.778    35.443   -10.580   -1  197  325  224
 650    13.324    -0.105    19.653   -1  677 1036 1029
 651    36.333   -25.064    -0.339   -1  999 1435 1476
 652    -8.028   -10.939    -0.865  913   -1 1240 1218
 653   -28.332    28.899     1.759   -1  275  468  365
 654    -1.928    45.712   -13.911   57   -1  130   89
 655    46.934   -25.618    10.936 1175   -1 1462 1493
 656     5.182   -15.880     8.364   -1  892 1338 1341
 657   -38.206    14.321     6.371   -1  452  758  676
 658    54.763    -8.522     2.800   -1  818 1149 1185
 659    44.684    30.101    -4.697  277  289  384   -1
 660   -60.116   -17.638   -23.974 1040   -1 1330 1290
 661    26.823    47.042    -4.779   -1   64  106   72
 662    21.993    -7.033   -11.789   -1  785 1121 1115
 663    50.664    -3.506     3.494  813   -1 1051 1071
 664    36.785    25.188     5.482   -1  343  511  438
 665   -61.605    31.761   -16.121  227   -1  399  310
 666   -25.420    42.905    18.062   -1   90  202  140
 667   -27.713    16.935   -10.466  438  430   -1  607
 668   -35.555    15.994    17.397  465   -1  738  646
 669    10.588   -26.975   -11.026   -1 1019 1466 1474
 670    10.355    12.233   -13.620   -1  507  740  700
 671    37.075   -23.492   -15.453   -1  997 1404 1414
 672   -29.751   -25.323   -15.736   -1 1007 1444 1444
 673   -64.224     7.873     2.072  568  552   -1  804
 674   -30.787    -6.008   -22.725   -1  782 1100 1058
 675   -14.368    -4.844    21.872   -1  722 1152 1142
 676   -56.271    12.905   -10.797   -1  480  784  667
 677   -47.135    30.484   -21.915   -1  238  405  329
 678   -55.681    32.952    -7.907   -1  214  363  294
 679    -4.476    17.042     4.594  460   -1  672  613
 680    -9.178     1.483     7.246   -1  652  977  954
 681    -5.487   -19.676    16.241   -1  938 1412 1405
 682    -7.425    -0.178    -6.418  738   -1  981  978
 683   -60.556    44.076     5.447   74   57  197   -1
 684    49.430   -11.555     8.727  931   -1 1239 1268
 685    24.459    51.351   -14.805   15   -1   44    9
 686    46.932    43.022    25.078  102   -1  184  124
 687   -13.573     1.256    -7.281  721   -1  954  940
 688    14.342    31.237    -2.255   -1  251  393  318
 689   -57.213     2.608    -1.400   -1  639  976  882
 690    -4.206     8.724   -23.900  592   -1  796  749
 691     4.138    39.020    32.366   -1  149  254  213
 692    18.570   -17.394    19.433   -1  907 1384 1377
 693    -2.828   -13.083   -15.782   -1  872 1259 1219
 694   -11.655    43.437   -12.225   -1   99  154  109
 695   -56.962   -27.239   -13.028 1182   -1 1485 1477
 696    15.819    54.227     2.282    1   15   12   -1
 697    10.176    40.044    -1.344   -1  134  212  171
 698    10.743    -3.277     5.546  787   -1 1083 1059
 699    23.546    15.356     5.666   -1   -1  706  651
 700    30.302   -29.854    10.578   -1   -1 1543 1571
 701    20.619   -32.040     5.914   -1 1077   -1 1618
