689
   1    21.337    42.309     7.872  108  115  167  124
   2     9.751    13.247     8.222  481  486  727  662
   3    26.886   -30.326     6.770 1158 1041 1531 1506
   4    23.393    37.714     9.237  156  161  250  198
   5    -5.331    33.051     0.940  212  212  341  284
   6    38.269    11.252    -0.618  522  526  745  703
   7    11.341   -31.165    15.497 1167 1025 1602 1560
   8   -26.512     0.496    13.046  671  660 1020  942
   9    37.503    22.826    11.284  348  356  526  471
  10   -48.255    34.523    11.579  192  180  313  268
  11   -10.716    36.304     3.423  172  164  280  221
  12   -23.501    48.711     1.616   42   44   85   51
  13   -14.737   -21.370     7.180 1025  933 1397 1357
  14   -12.707    18.714     4.498  399  401  624  556
  15    18.639   -12.354     3.922  906  835 1233 1210
  16   -18.597    47.676     6.225   50   58  103   60
  17    21.251    33.161     5.489  216  219  328  281
  18     5.334     9.695    10.275  543  538  801  740
  19    19.919   -23.013     9.826 1061  947 1409 1392
  20   -33.654   -11.632    11.429  877  817 1258 1201
  21    13.686   -32.094     7.897 1193 1072 1601 1558
  22   -12.224     2.130     3.265  648  645  949  886
  23     9.036    28.730    10.900  271  274  422  357
  24   -49.064    16.424    10.855  422  427  698  601
  25    -5.390    36.382     4.997  169  167  279  220
  26    11.575   -14.761    10.142  936  865 1278 1264
  27   -20.087    31.198    -3.749  236  235  374  306
  28    13.095    16.275     3.414  439  447  659  598
  29   -19.458   -20.344    11.207 1002  919 1391 1342
  30   -28.297    15.751     5.639  438  440  689  611
  31    18.611   -31.345    11.329 1173 1037 1584 1555
  32   -36.097    28.900     7.330  262  260  438  355
  33    16.178   -31.243    13.035 1170 1028 1593 1561
  34   -45.932    15.354    18.787  448  428  731  637
  35   -22.447    34.336    12.681  195  188  322  264
  36     6.787    13.633    -2.300  476  481  712  644
  37    21.505   -19.605     6.689 1014  917 1353 1334
  38     1.814    -6.579     5.117  809  757 1131 1087
  39   -27.593    44.395    13.470   87   86  152  109
  40    -7.069    39.452     2.671  127  134  211  171
  41    36.639    50.804    -8.714   12   57   28   25
  42   -27.707    17.519     5.567  409  414  651  573
  43   -17.636    26.300     7.972  291  301  482  403
  44   -25.173     0.335    16.843  673  659 1033  956
  45    29.694   -12.749     5.068  915  845 1236 1225
  46    -6.034    -7.406    10.549  819  763 1165 1111
  47    10.574    50.182    -8.633   30   40   53   30
  48   -47.519     7.725    -8.141  559  553  831  756
  49    22.637    25.712     7.077  312  322  473  412
  50    38.402    51.803     2.488    8   52   22    8
  51     7.372    33.044    11.263  219  218  343  291
  52    22.131   -30.925     2.806 1175 1051 1539 1509
  53     1.768     2.582    10.701  646  636  946  895
  54     1.458    21.457    11.051  362  363  573  502
  55     8.948   -23.237    -0.110 1068  960 1399 1377
  56    27.688    41.412    10.077  115  127  182  141
  57   -13.880     6.015     8.529  584  584  878  811
  58    -5.248     2.595     8.922  641  634  947  889
  59     2.066    43.307     4.850   94   99  154  114
  60    21.966   -29.631    13.008 1153 1006 1542 1502
  61   -16.300    43.704    15.744   93   97  157  116
  62     7.536    21.373     8.394  365  365  569  500
  63    22.118   -12.146     9.671  903  833 1235 1220
  64     1.386   -29.052     9.984 1132 1010 1535 1478
  65   -15.106    50.101     0.576   33   34   64   33
  66    24.030   -18.711     9.572 1001  906 1342 1325
  67    12.893    22.848     5.801  340  347  524  458
  68   -51.725    30.796   -18.312  230  230  383  298
  69     8.561   -31.719    13.710 1187 1031 1610 1551
  70   -38.597   -15.199    11.341  921  855 1326 1262
  71   -10.650     9.898     6.622  536  534  798  732
  72     8.168   -29.401   -12.146 1162 1029 1477 1454
  73   -30.038    31.610    12.796  234  224  379  313
  74    23.482    15.888     8.686  455  452  674  616
  75   -29.240   -12.701    11.402  892  832 1270 1221
  76     7.268    35.401     8.006  187  184  292  237
  77   -18.417    44.194     9.731   85   93  150  110
  78     6.202   -29.428    -8.212 1155 1022 1492 1457
  79   -17.560   -30.052    14.052 1134 1016 1600 1498
  80     6.082    13.144    11.089  486  484  733  670
  81   -48.345    40.524    13.292  122  113  210  153
  82    28.593    38.109     6.744  152  150  231  195
  83    38.184     5.613     7.852  609  599  846  826
  84   -49.095     0.771    10.665  655  657 1022  924
  85    22.009    16.329    11.378  444  446  669  607
  86    11.178    20.869    10.328  372  376  582  518
  87   -12.981   -12.044     8.853  890  828 1248 1208
  88   -52.453    14.961   -20.132  449  448  687  590
  89   -40.763    33.989     3.154  197  182  334  266
  90   -20.383   -16.998     8.814  960  892 1336 1294
  91   -26.479   -25.531    11.179 1074  975 1487 1421
  92   -25.096    39.854     9.502  124  126  213  170
  93   -22.690   -26.673    13.352 1094  984 1505 1442
  94    18.755     9.153     8.164  553  546  803  754
  95   -16.498    20.696     9.210  369  366  600  520
  96    38.835    -8.335     5.172  850  788 1146 1139
  97     4.713    -0.823    11.083  705  690 1026  974
  98   -36.637    -0.524     9.128  685  676 1042  959
  99    -9.467   -31.195     0.532 1166 1054 1577 1493
 100    21.688    46.666    10.466   65   82  112   68
 101   -30.225    29.003    11.714  263  261  435  356
 102   -36.611    -8.931     9.368  829  781 1216 1131
 103   -30.475    50.908   -10.826   18   30   40   23
 104    14.485    -9.938     9.415  869  801 1205 1176
 105   -21.367   -22.572    11.825 1037  939 1429 1380
 106    40.458    26.201     9.954  307  320  464  404
 107    13.310    19.259     6.873  393  402  610  547
 108    -4.713   -26.622    -3.336 1104  999 1462 1419
 109    12.433    42.352     9.896  107  109  170  128
 110   -50.219   -22.236    15.253 1030  924 1447 1385
 111    24.000    -5.980    10.763  805  748 1117 1091
 112    -9.169     3.168     4.370  635  625  925  870
 113    -6.307    22.352     6.655  344  348  551  479
 114    14.497    37.564    21.836  163  157  266  213
 115   -21.667     4.304     6.958  611  603  915  847
 116    40.641     1.478   -15.074  683  680  891  888
 117    21.506     9.900    13.137  544  540  791  742
 118     9.610    30.382     6.722  257  257  384  326
 119    -7.935    12.914    14.577  482  482  760  676
 120   -49.494   -21.625     1.449 1027  934 1412 1340
 121   -37.650    22.517    10.830  339  333  565  481
 122   -48.796     1.635    17.208  644  633 1016  915
 123    -5.599   -14.824     8.571  933  863 1294 1255
 124    19.650   -16.839     7.586  978  895 1310 1299
 125    -8.031   -17.159    10.430  965  893 1335 1301
 126   -30.545    -6.855     9.499  800  753 1167 1095
 127    -9.452    15.341     7.896  454  449  696  621
 128     1.346    32.867    -5.259  214  217  338  280
 129   -28.651    -8.981     2.678  834  789 1201 1121
 130   -30.864     0.946     1.032  660  655  988  910
 131    25.480     1.376    16.150  676  656  961  936
 132     5.867    21.108     7.650  367  369  574  506
 133   -27.914   -19.873    10.689  992  914 1389 1336
 134    39.434   -32.025    10.337 1200 1047 1585 1581
 135     9.108   -11.196   -22.159  899  837 1171 1134
 136   -49.013     5.728     4.499  579  579  904  792
 137   -53.238   -11.441   -15.762  867  834 1231 1145
 138    30.367    31.832     5.412  237  247  355  297
 139     5.168    -5.114    10.705  782  736 1110 1059
 140     8.903    -4.158    10.932  760  722 1092 1035
 141    15.577     0.323    10.846  688  672  990  951
 142    -7.808    -9.719     4.619  860  798 1207 1154
 143   -15.621    16.567     9.087  428  429  679  599
 144   -10.013    22.388     9.098  341  345  556  485
 145    39.517    21.123     5.696  388  373  531  507
 146    -4.806    12.486     8.521  493  493  755  681
 147   -56.390    16.903     3.735  411  413  688  574
 148   -29.305    33.617     1.115  203  197  336  271
 149   -16.791    22.806     6.919  332  338  545  469
 150     8.324     3.357     7.495  637  624  918  872
 151   -12.764     3.170     8.292  633  622  941  877
 152   -36.402    14.065     8.329  465  457  730  645
 153   -31.136   -17.016    13.651  955  889 1351 1300
 154   -12.537    19.859     7.307  381  384  611  536
 155    23.216    20.981     5.821  373  380  563  512
 156    -0.669    45.232    13.558   78   92  130   91
 157    11.951     1.243     5.295  680  661  952  913
 158    11.561    -8.322     8.491  837  776 1170 1133
 159    16.100    11.479     8.162  515  511  761  707
 160     2.713    42.202     1.295  103  107  169  129
 161   -39.320   -27.574    -2.675 1117 1005 1498 1432
 162    21.750     8.131     6.540  568  563  811  772
 163    37.333    52.458     1.675    6   49    9    1
 164    10.762    38.314    13.080  150  147  248  192
 165    11.162     9.265     6.223  550  545  802  743
 166    17.452    39.043    -9.973  130  143  202  165
 167     2.902    26.189    10.780  299  308  481  406
 168    14.743    -8.572     8.038  846  782 1174 1142
 169    30.024   -30.185     6.707 1160 1036 1524 1508
 170   -16.684   -15.325    10.181  935  869 1308 1269
 171   -27.030    30.293    12.198  254  248  402  336
 172   -12.615    31.565     7.633  235  232  373  309
 173    14.549     5.435    10.610  598  595  877  827
 174   -13.486    47.756    16.956   52   59  100   65
 175    -9.797     1.808    11.680  654  646  970  909
 176    16.087    22.073     9.003  356  360  550  490
 177     9.785    43.370    13.741   98  101  155  115
 178   -23.834    -1.592   -13.885  713  697 1019  943
 179   -11.539     7.946     9.322  564  559  835  776
 180    24.903    -9.263    15.559  861  794 1194 1182
 181   -23.391   -22.966    10.911 1044  944 1437 1384
 182    -3.689    41.415   -22.345  102  112  173  125
 183   -19.468    -9.057    14.421  832  775 1212 1166
 184    24.577   -13.976    11.191  931  851 1262 1250
 185    -4.484    -6.300    11.176  799  747 1144 1092
 186    21.999     0.041    12.787  706  674  987  963
 187    -8.276    26.311     8.468  294  304  478  401
 188    -4.858   -19.014     8.371  994  903 1363 1321
 189    -6.388   -16.804    10.965  961  890 1328 1297
 190   -46.875    28.162    12.865  273  267  456  370
 191   -35.960   -25.156   -12.732 1072  989 1440 1376
 192   -43.221   -29.141    -0.155 1131 1011 1544 1461
 193   -16.099    31.118     5.426  239  239  377  316
 194   -18.125    18.038    11.886  402  411  654  568
 195   -24.858     8.849    12.945  546  541  829  762
 196    10.042    -3.991     9.176  754  720 1083 1030
 197    27.238    21.181     8.499  371  381  559  503
 198    16.622    40.708    10.619  121  131  185  152
 199    -3.013    14.962     5.803  458  455  702  630
 200    50.703    19.380     2.827  395  423  585  539
 201     5.631   -17.109     9.974  973  894 1327 1303
 202   -11.021    26.532    10.180  286  299  474  399
 203   -25.302    17.014     7.421  418  420  673  586
 204   -49.506     9.423     0.024  534  532  813  722
 205   -25.317     3.993    11.810  617  604  935  862
 206    14.514    -2.696     2.817  730  706 1047  995
 207    -6.421    11.379     8.349  508  505  773  709
 208   -11.093    25.074     5.444  315  318  498  420
 209   -17.776    24.296   -13.595  316  332  495  411
 210   -33.379    52.631    15.195   16   22   24   13
 211    -8.383   -30.669   -13.893 1183 1074 1509 1456
 212    36.270   -26.075    -1.603 1128  987 1426 1425
 213   -14.682     2.757     3.451  640  631  943  876
 214     5.999    16.987    21.048  432  425  675  606
 215   -18.650    13.224    11.119  477  478  754  652
 216     3.391   -22.542     6.979 1049  952 1400 1373
 217   -18.736    -6.078     8.612  789  745 1141 1076
 218    40.017    -5.954    15.760  802  754 1118 1104
 219    22.559     6.845     8.770  578  578  845  799
 220    20.232    -3.454     7.916  747  710 1073 1017
 221   -15.841    -1.688     7.003  716  696 1048  976
 222    -0.774   -20.965     5.080 1026  929 1383 1348
 223   -26.665   -10.562   -18.271  880  821 1180 1126
 224   -11.609   -10.361     9.386  866  803 1227 1178
 225    15.274    28.193     7.061  278  283  434  363
 226   -11.611    14.310     2.771  466  465  708  641
 227   -57.092   -14.878   -21.020  944  876 1265 1202
 228     4.477    34.535     9.881  194  194  309  255
 229    12.818   -23.580     9.989 1065  957 1424 1394
 230    16.506    25.643     9.558  303  323  490  416
 231    39.368    35.602    11.595  191  190  286  234
 232    15.092   -24.615     7.285 1082  972 1431 1405
 233     3.886    11.496    11.265  509  506  771  713
 234    44.459     8.814    15.349  563  558  806  774
 235    -1.704     0.524     9.397  681  667  992  938
 236    19.115    35.092    15.760  193  187  296  248
 237    10.276     7.705     6.979  571  566  821  781
 238    25.621    -3.090   -20.809  756  733  995  980
 239     4.264    16.899     9.350  427  430  658  591
 240    10.880   -31.587   -16.671 1198 1099 1497 1483
 241   -45.132    50.142    16.894   21   47   66   44
 242   -48.505    -6.053    -2.080  780  743 1150 1032
 243    14.803     2.735    11.273  647  637  940  893
 244   -43.625   -32.033    -3.141 1188 1042 1609 1503
 245    39.059    -4.025    20.204  776  712 1078 1079
 246    41.075    32.011    10.672  231  244  350  314
 247   -18.455   -26.075     9.355 1089  980 1491 1420
 248   -35.702   -10.280   -22.719  874  824 1173 1103
 249    38.627     3.147    12.850  657  619  898  903
 250    10.254     5.181    11.106  603  597  886  836
 251   -59.663   -11.490    17.501  872  795 1286 1218
 252    37.220    -3.996    -1.453  771  740 1064 1002
 253   -13.064    -6.166     4.683  804  741 1134 1072
 254   -48.588    -3.178     1.524  724  704 1084  990
 255    34.023    32.911     4.107  222  234  326  287
 256   -23.638    10.854    22.132  516  503  807  733
 257   -56.533    18.753    12.384  386  383  661  559
 258   -41.417    -8.659    10.187  821  770 1222 1120
 259   -15.992   -15.287    -4.804  939  879 1275 1242
 260   -26.065    45.888    -4.126   58   71  122   84
 261   -40.059   -22.435    15.467 1028  935 1444 1388
 262   -17.646     2.612     3.484  639  638  945  879
 263   -34.919    35.240   -15.547  167  181  289  223
 264     2.812    -9.390    11.432  855  792 1200 1167
 265   -56.151    -0.665   -16.083  699  675 1004  917
 266     1.641    -4.454    10.662  765  716 1103 1043
 267   -25.826    35.305   -24.436  170  175  284  219
 268    28.610   -29.570    18.240 1144 1007 1533 1563
 269   -23.349    -4.780     3.916  779  719 1104 1038
 270   -60.619    24.413     6.496  313  315  523  434
 271   -51.829   -26.308   -16.063 1112  978 1463 1393
 272    49.914     4.127     5.171  638  621  879  860
 273    26.992   -29.786    24.066 1137 1008 1580 1570
 274    -4.349   -30.590   -12.838 1179 1078 1517 1445
 275    16.327    -7.600    10.796  827  768 1154 1125
 276   -49.460   -21.415    12.528 1003  927 1434 1356
 277   -32.997    16.922   -24.927  410  433  629  551
 278   -49.859    -7.671     5.406  816  761 1191 1093
 279    28.420    22.486    -0.084  342  379  516  451
 280   -42.900    30.611    11.127  251  236  394  329
 281    38.372    37.211    10.292  166  171  257  208
 282   -58.604    -7.903   -13.446  813  774 1163 1083
 283   -19.676    -8.593   -19.768  836  796 1136 1094
 284    39.310    19.208     8.859  407  394  599  558
 285   -49.636     2.918    -5.815  626  623  937  871
 286     1.358    23.416    18.603  329  336  544  460
 287   -50.199   -11.571     4.396  878  816 1251 1188
 288   -24.263   -14.032    15.601  911  842 1296 1266
 289     6.387   -15.422     7.270  945  874 1293 1270
 290   -54.618     6.420   -12.842  577  568  848  784
 291    10.878     1.938    11.482  653  664  960  892
 292   -25.641   -16.070    -1.818  942  885 1309 1265
 293    14.026    27.025     2.477  285  306  445  374
 294   -15.022    -4.491     5.578  761  721 1099 1029
 295   -60.997     5.363     8.514  583  574  934  813
 296   -35.306    -4.279    12.081  746  705 1123 1031
 297    25.710   -26.841    13.999 1108  998 1470 1464
 298   -35.159    16.356   -19.596  430  436  647  560
 299    38.946    -0.871     9.831  723  688  993  982
 300    15.800    50.716    -5.936   25   50   38    9
 301    41.464     8.134   -12.855  576  567  782  757
 302   -51.263   -20.535     5.817 1010  910 1406 1339
 303   -61.005    -6.271    -6.936  792  738 1156 1050
 304   -16.360    14.654    -8.635  450  469  693  620
 305     9.338    -0.190     9.931  697  686 1000  964
 306   -16.833    38.878    15.931  137  139  245  187
 307   -30.345   -15.269     9.918  924  857 1324 1268
 308    27.837    -7.002    -9.891  823  793 1101 1060
 309    -2.885    -1.021   -13.576  719  695  981  934
 310   -59.744     0.134   -18.861  684  669  991  891
 311   -11.469   -13.812   -20.663  929  875 1243 1173
 312    19.924    23.078    -6.292  327  361  511  437
 313    39.148    16.632    18.593  453  437  644  623
 314   -48.769    -7.853    -8.756  826  772 1152 1086
 315    20.915   -28.419    -0.975 1138 1013 1488 1453
 316    43.717    11.131    -0.977  527  529  732  716
 317    -2.086   -22.832   -13.688 1070  964 1387 1333
 318     6.556    -5.000     9.741  778  735 1109 1057
 319   -18.691   -10.166    -6.524  875  802 1193 1147
 320    24.370   -22.111    12.457 1056  931 1390 1391
 321     2.919    37.376    -3.808  164  162  237  191
 322    20.511    -9.744    15.422  868  800 1202 1190
 323     0.472     6.064     8.286  589  580  867  814
 324     5.666   -20.467     5.714 1018  926 1372 1343
 325    26.897    18.949    -7.666  403  418  590  535
 326    -2.912    29.512     0.941  261  255  388  349
 327    18.735    -1.783    -1.602  725  702  998  979
 328   -62.095    -8.761    -1.866  839  760 1221 1119
 329   -57.618    33.197   -12.467  180  195  346  289
 330    38.851   -13.040    -8.178  932  861 1210 1212
 331   -32.294    35.631   -19.096  160  178  285  215
 332   -35.172     1.014   -13.084  665  654  950  896
 333   -22.137    10.457    -3.943  514  531  788  705
 334    19.960   -29.969     7.098 1139 1027 1546 1492
 335    39.786    39.360   -15.363  116  151  192  163
 336    39.539    47.068    -1.286   41   94   89   71
 337    -2.794   -11.224    -1.037  888  813 1218 1191
 338    19.565    30.077    -8.178  250  277  366  322
 339    -0.041   -18.779    14.916  995  900 1359 1330
 340   -29.418     3.571   -14.302  620  617  902  844
 341    48.505    31.759    10.298  228  262  357  304
 342    28.604    14.416    -6.465  485  468  672  626
 343    18.421    29.374    20.144  264  263  417  361
 344   -61.839     4.600    16.903  590  589  959  841
 345   -24.090    20.754    -3.161  374  368  562  498
 346   -60.073     6.826   -20.166  567  561  841  779
 347    10.584    48.329     6.189   48   61   79   55
 348    28.831    12.001   -10.978  498  518  714  683
 349     3.780     7.632     7.427  561  573  837  786
 350   -46.424   -12.721    12.976  881  829 1281 1237
 351   -13.237   -23.492   -23.343 1077  976 1382 1328
 352   -55.755   -11.652   -16.594  900  827 1217 1138
 353   -30.143    -3.494   -20.910  755  723 1039  960
 354    37.738    12.887    15.311  487  499  725  699
 355   -36.191   -24.258    12.091 1058  962 1464 1398
 356    18.497     4.404    19.072  629  593  914  882
 357    41.186    27.983     9.126  275  295  421  379
 358    51.028   -16.086     6.888  997  872 1271 1283
 359   -24.898    23.311    10.180  325  321  547  486
 360    38.854   -13.551     5.872  925  859   -1 1238
 361   -15.025   -30.129    11.310   -1 1017 1592 1494
 362   -48.970    18.125    13.934   -1  391  668  571
 363    38.473    49.165     3.185   37   67   68   -1
 364   -46.444   -30.977    -3.726   -1 1048 1587 1477
 365   -45.004    18.002    10.505  406   -1  656  565
 366   -49.262    12.851    -2.510   -1  470  763  649
 367   -48.920    14.955    14.397   -1  441  729  639
 368   -10.084   -28.263    23.824 1105   -1 1578 1490
 369    33.867    -4.362     1.892  781  737 1067   -1
 370   -52.138    19.960   -23.292  368  374   -1  491
 371    49.978     6.636    10.468  593   -1  830  812
 372   -63.555     7.553     6.495  558  548   -1  782
 373    36.928   -21.314    -2.247   -1  940 1356 1355
 374    17.762   -31.400    12.197   -1 1038 1597 1554
 375   -46.753     0.573    18.341  658  650   -1  953
 376    10.330   -29.811     2.704   -1 1020 1520 1480
 377   -44.664     1.004    22.629  656  640   -1  949
 378   -45.951    17.573    26.124  408   -1  701  588
 379    33.898   -30.731     5.446 1184   -1 1525 1525
 380    41.437    42.304    25.906  112   -1  163  146
 381    39.274    17.412     6.042  426   -1  627  583
 382   -48.109    24.743     6.399  308  313   -1  428
 383    20.762   -31.964     6.548   -1 1066 1596 1545
 384   -49.525    21.974     1.226   -1  340  580  477
 385   -34.526    37.592    -9.045  141   -1  261  197
 386   -13.124     5.612     7.738   -1  588  885  817
 387   -51.046    20.795   -12.150  359  359   -1  489
 388    27.796    23.802   -18.994   -1  353  493  410
 389    35.455    28.305     8.857  279  289  418   -1
 390   -39.287    37.554    12.683  153   -1  274  211
 391    12.380    12.893    11.216   -1  489  737  678
 392   -53.301    40.944   -22.238   95  108   -1  142
 393    35.991    11.339     2.078   -1  525  743  698
 394   -51.878    27.881   -11.977   -1  269  446  353
 395   -28.704   -19.554     9.523   -1  909 1384 1326
 396   -58.872    29.726    -9.476  241  251  410   -1
 397    55.765    13.759    15.719   -1  496  704  663
 398   -49.194     4.669     6.258   -1  591  921  834
 399   -18.474    -9.649    11.748   -1  791 1219 1168
 400   -48.047    43.781    14.388   84   -1  177  118
 401   -57.888    34.998   -23.525  159   -1  303  233
 402   -11.315    10.147     9.278   -1  521  799  729
 403    22.994   -32.484     5.264   -1 1085 1603 1557
 404   -52.949    29.635   -20.438  244  249   -1  324
 405    26.527   -25.013    20.060 1085   -1 1457 1448
 406   -30.937    24.112    16.575  318   -1  543  441
 407   -51.334    27.543    -1.407   -1  273  458  365
 408    37.787    26.035    12.246   -1  317  467  413
 409   -11.235    36.113     4.967   -1  168  287  227
 410    -7.472     1.810    15.228   -1  642  979  919
 411   -37.484    12.581     1.867  490   -1  757  665
 412    19.585    47.441    11.910   53   73   -1   61
 413   -31.861    29.181     9.314   -1  258  430  350
 414    18.210   -29.847    -3.334   -1 1024 1500 1474
 415    23.417   -30.720     4.539   -1 1034 1543 1511
 416   -52.662    25.615   -16.855  289  298   -1  387
 417    21.107    27.073    10.620  284  303  457   -1
 418   -29.873    45.125     7.412   -1   80  133   94
 419    24.309    10.368    17.765  539   -1  787  744
 420   -14.665   -28.444    25.062 1113   -1 1595 1489
 421    -0.633    34.202     9.163   -1  198  316  262
 422    31.151   -27.690     0.979 1133   -1 1475 1443
 423    15.073   -32.125    12.599   -1 1059 1611 1582
 424    19.346   -31.850     7.511   -1 1068 1586 1552
 425    31.650   -14.202     1.498  938  870 1257   -1
 426   -48.421    19.865     0.471   -1  378  613  523
 427    44.086    24.148    -7.923  320   -1  484  429
 428   -48.763    38.870     0.029   -1  128  241  179
 429    52.320     4.483     9.604   -1  618  870  854
 430    -6.904    -7.309     8.752   -1  762 1161 1106
 431    28.372    47.582    -3.403   49   69   92   -1
 432    30.563    34.748    11.383   -1  201  297  244
 433    25.541   -33.049     5.854   -1 1091 1606 1586
 434   -52.662   -17.991   -18.605  984  907   -1 1258
 435    22.364   -31.284     8.251   -1 1049 1560 1538
 436   -29.664     7.065    14.863  570   -1  869  801
 437   -53.215   -28.579     4.501 1124   -1 1541 1466
 438    48.390    22.873     6.601  350   -1  514  462
 439   -48.288     0.042   -18.410   -1  678  984  890
 440    55.247    39.157    13.967   -1  174  175  185
 441   -20.944     4.040    12.138   -1  601  933  863
 442    36.500    18.339     9.072   -1  421  617  563
 443    49.974    13.135     5.918  496   -1  715  666
 444   -41.143    52.070     5.290   22   -1   26   11
 445   -28.788    13.392    11.070   -1  471  753  659
 446    10.945    51.111    23.292   -1   37   44   28
 447   -50.012   -15.458    -5.441   -1  881 1313 1223
 448    24.324    50.769     5.940   32   -1   48   19
 449   -20.048    29.189     9.316  265   -1  423  347
 450   -50.300    23.959    -0.145   -1  326  520  433
 451   -50.016     5.281    14.911   -1  582  924  830
 452   -12.590    39.220   -18.272   -1  133  201  161
 453   -59.584    12.855   -11.487  474  477   -1  643
 454    18.097    31.970   -17.109  232   -1  329  279
 455   -25.576    33.263   -15.569   -1  200  320  265
 456   -25.464    13.041   -23.396   -1  491  711  628
 457   -49.496     9.734   -10.974   -1  536  797  710
 458   -38.366    39.884     0.552  114   -1  222  174
 459    36.553    10.697     4.831   -1  522  749  731
 460    38.694   -16.577    -5.243  988   -1 1261 1286
 461   -61.911    14.377   -19.216  451  464   -1  600
 462    10.388   -19.190    14.142 1000  908 1365   -1
 463   -50.448   -18.865   -14.166   -1  918 1348 1279
 464    38.761    13.879    11.173  479   -1  717  651
 465   -11.259    25.663    19.383   -1  312  500  427
 466    36.855    -9.097    -3.664   -1  807 1148 1130
 467    18.784   -23.382    22.059   -1  949 1430 1427
 468    -4.625    11.469   -28.315   -1  519  740  640
 469     7.684   -29.467    -3.748   -1 1021 1495 1471
 470   -40.034   -17.312     2.015  977   -1 1346 1280
 471    -7.579    21.142     9.462   -1  358  592  514
 472   -51.852    -0.927   -17.645   -1  691 1013  911
 473    19.401    37.749   -24.333   -1  156  217  178
 474    29.089    -7.228     9.478  828   -1 1138 1114
 475    24.892   -23.604    16.062 1066   -1 1428 1413
 476    16.717   -32.308    -0.809   -1 1089 1562 1535
 477   -49.522    38.329    17.253   -1  135  264  205
 478    19.967    15.025     9.949  462  462   -1  631
 479   -49.473    25.618    -1.855   -1  296  505  402
 480    54.302    17.409    -0.433   -1  454  609  562
 481   -50.142    40.026    -0.326   -1  120  204  158
 482    26.459    37.991    -4.046   -1  158  232  183
 483    38.668    46.777    21.350   59   91   -1   72
 484    12.903    52.761    -6.138   11   24   23   -1
 485   -18.756   -11.531    -8.717   -1  831 1224 1157
 486   -59.019   -19.987   -16.514 1016   -1 1361 1295
 487   -29.501    42.228   -10.999   96   -1  176  123
 488    28.521     8.201     1.653   -1  569  805  766
 489   -13.879    -3.387    20.720   -1  701 1108 1034
 490   -38.117    37.371    -1.019  146   -1  273  204
 491   -37.980    44.455     0.603   75   -1  151  104
 492   -52.992    -7.581   -17.583   -1  779 1145 1041
 493   -49.777   -24.364    20.781   -1  946 1493 1426
 494    49.289    29.292     7.109  270   -1  393  341
 495    37.478    51.029    16.751   -1   48   34   27
 496   -38.773    27.008    -8.767   -1  287  451  372
 497   -23.513    16.767     6.486   -1  419  677  594
 498   -52.773    37.122   -11.329  148  146   -1  193
 499   -40.946    23.323     9.417   -1  330  549  455
 500   -48.431    32.401   -17.066   -1  206  356  272
 501    13.700    23.269   -19.832   -1  352  497  431
 502    15.146   -15.390    -1.019  951  887   -1 1248
 503   -10.204   -22.044    12.575 1032  937   -1 1378
 504     2.560    -6.377     3.656   -1  750 1133 1075
 505     2.409   -31.391   -14.122   -1 1084 1513 1476
 506   -53.415    17.248     8.411   -1  410  683  579
 507   -10.174   -29.378    14.851 1129   -1 1566 1496
 508    34.630    39.597     0.294   -1  141  194  162
 509    21.024    42.482    24.389   -1  119  168  130
 510   -58.030    47.119     3.383   -1   74   84   69
 511    55.903    -5.783     9.437   -1  758 1089 1088
 512    34.400    -1.534     9.788  726  698 1017   -1
 513   -36.466    38.181    -0.353  136   -1  253  194
 514    26.577     4.584     1.966  627   -1  872  843
 515   -26.684    12.057     6.025   -1  492  767  684
 516    27.585   -13.645    -1.941   -1  864 1238 1229
 517    50.740     2.192    13.174  664   -1  932  918
 518   -21.934   -10.270    21.707   -1  786 1246 1203
 519   -29.477    49.948     1.197   -1   28   75   37
 520   -16.915   -20.995    15.218   -1  911 1413 1367
 521     4.612    37.960    -7.297   -1  149  242  184
 522    47.887   -24.515     4.735 1115   -1 1401 1409
 523   -60.666    38.352     6.587  125   -1  265  218
 524   -32.609     3.454    19.804  625   -1  966  883
 525   -35.863   -29.676    -8.279 1143   -1 1532 1451
 526   -54.207   -28.100    16.505   -1  983 1559 1482
 527    23.794   -16.638     4.586   -1  898 1297 1287
 528   -22.585    -0.909   -25.255   -1  699  965  901
 529   -33.087    -5.370     4.024  774  734   -1 1039
 530    -2.664    33.307     3.071   -1  213  337  269
 531   -50.577    29.210    -6.634   -1  254  431  327
 532   -49.428    43.966    14.466   -1   90  144  121
 533    38.820    31.510    13.892   -1  252  360  312
 534    -6.454    11.964     2.182   -1  501  751  685
 535    51.807     8.459     4.731   -1  572  793  768
 536    23.260    24.786    23.555   -1  329  506  438
 537    17.096    15.671   -20.500   -1  463  641  572
 538    38.088    22.695    -0.301   -1  357  525  447
 539   -26.126    -6.411     0.454   -1  749 1137 1065
 540   -19.799    39.663     1.362   -1  129  215  160
 541    -1.236    -5.621     7.950   -1  742 1120 1064
 542    29.199    -2.022     1.101   -1  707 1008  987
 543   -57.605     9.360    15.886   -1  512  844  764
 544    18.466    15.190    12.358  460  458   -1  632
 545    -5.028    28.812    10.099  269   -1  427  358
 546    13.428   -25.669    20.942   -1  966 1473 1462
 547    12.361    -0.152    16.574   -1  681 1002  975
 548   -12.123   -10.711    -9.254   -1  818 1196 1146
 549   -21.727    -6.143   -20.434   -1  765 1096 1011
 550   -52.858    10.717   -18.245   -1  513  774  674
 551   -55.624     0.083    -0.930   -1  662 1027  923
 552   -62.337    -5.271     2.809  759  726   -1 1047
 553   -35.548    15.038     8.646   -1  450  718  624
 554    23.965    23.108    27.954   -1  341  535  501
 555    32.681   -34.705    16.647 1201   -1 1630 1594
 556    26.782   -32.572     1.422   -1 1065 1579 1574
 557   -30.619   -26.776     0.754   -1  990 1494 1418
 558   -48.111     1.596   -11.704   -1  648  962  864
 559     6.170     4.706     6.069   -1  606  888  838
 560    38.505    35.005   -10.507   -1  203  277  228
 561   -59.305    45.860    -8.621   47   53  142   -1
 562    19.265    12.655   -14.546  492   -1  710  646
 563   -29.228   -15.944     5.240   -1  878 1316 1267
 564    43.028    15.870     0.262  456   -1  645  608
 565   -24.209    20.363    24.207  375  367   -1  546
 566    15.205     3.163    23.192   -1  614  931  925
 567     3.961   -11.838    -8.679   -1  840 1213 1172
 568    53.713     4.675     2.896   -1  630  852  833
 569   -37.888   -19.922    -6.636   -1  928 1366 1307
 570   -50.143    46.820   -16.938   38   68  105   -1
 571    49.273    35.763     3.708  182   -1  276  226
 572    27.418    -4.995   -12.792   -1  756 1062 1013
 573    56.110    10.715    12.250   -1  543  764  724
 574   -63.846    25.761     0.690  277  309   -1  415
 575   -47.134    27.805    -2.627   -1  268  449  366
 576   -55.441    19.030   -26.683  385  390  604   -1
 577    40.216    45.012    -0.609   68   98  128   -1
 578    49.566    43.751     8.733   86   -1  132  127
 579   -20.903    13.999    12.975   -1  456  736  653
 580    25.768    45.613     5.851   66   -1  126   85
 581   -52.305     6.894    23.580   -1  552  899  820
 582   -45.509    47.752    18.233   46   -1  120   74
 583    -1.209    13.222    12.590  478  480   -1  673
 584    38.255    33.027    13.926   -1  220  333  295
 585    -7.719    44.189    14.288   88   96   -1  106
 586     8.178    22.404    27.889   -1  344  570  515
 587   -56.323    25.885    19.677   -1  290  509  422
 588   -25.592    25.184    -8.561  311   -1  489  407
 589   -14.072     9.027   -21.747   -1  560  779  715
 590   -34.770    40.150     2.818  119   -1  205  166
 591     0.476    35.440    -0.255  186  183   -1  225
 592   -29.675   -13.990    -1.485   -1  849 1268 1230
 593    -9.493    -4.236    -8.829   -1  730 1070 1005
 594   -43.570    32.099   -11.163  217  216   -1  285
 595    15.974   -23.023    -7.064   -1  973 1379 1365
 596   -57.329   -23.852    -8.044 1088  941   -1 1371
 597   -25.942   -15.269   -14.208   -1  884 1274 1214
 598   -48.583     0.758    24.128   -1  639 1046  969
 599   -13.559    24.704    -0.486   -1  328  504  414
 600    16.248    -4.319    18.938   -1  718 1098 1067
 601    36.677    27.565    13.087   -1  294  425  393
 602    51.257    29.141    -5.238   -1  310  372  323
 603   -41.871   -30.384   -17.626 1164 1058   -1 1449
 604     4.325    40.265    -6.614   -1  124  198  150
 605    35.400   -33.336   -13.085   -1 1103 1534 1531
 606    35.040   -27.143    -0.182 1136 1001   -1 1439
 607   -59.136     1.269    16.341   -1  628 1038  933
 608    29.190    18.208    23.712   -1  408  643  587
 609     1.778   -33.568     9.002   -1 1090 1623 1589
 610   -18.590   -14.411    -5.758   -1  871 1263 1224
 611    -1.106     2.935     1.401  645  627   -1  878
 612   -59.914    -1.210    20.137   -1  668 1086  989
 613   -26.720   -27.831    11.466   -1  992 1538 1463
 614    45.759     1.001   -17.938  708   -1  893  884
 615   -61.132   -12.033    -7.125  894   -1 1241 1181
 616    16.896     0.223    -3.589   -1  677  969  920
 617   -28.841     8.833    14.788   -1  533  847  758
 618    21.118     8.587    -1.039   -1  557  800  750
 619     9.032   -20.584    11.822 1024   -1 1385 1358
 620    34.206    -2.945    -1.958  738  717 1035   -1
 621   -36.617    24.278     1.650  314  324   -1  435
 622   -26.287   -12.956    -4.785   -1  841 1253 1199
 623   -60.152   -17.719   -23.686  991   -1 1300 1247
 624    55.150    -7.975     6.578   -1  784 1130 1132
 625   -37.077    -6.297     0.224  790   -1 1135 1077
 626     5.765    18.818   -14.096  400  403  596   -1
 627   -10.186    22.400     0.195   -1  343  542  475
 628    -6.212   -30.649   -17.384   -1 1095 1508 1450
 629   -31.164   -23.347    14.894 1034   -1 1461 1397
 630   -20.400   -13.185    -9.532   -1  853 1244 1193
 631    15.634     7.652   -17.753   -1  575  795  749
 632   -11.445    33.061   -14.470  209  210   -1  260
 633   -10.640   -29.233   -22.697   -1 1053 1468 1424
 634   -56.486    47.404   -37.318    9   70  107   -1
 635   -52.198   -10.353   -11.598   -1  810 1228 1109
 636    11.718    -3.918    11.168   -1  708 1081 1036
 637     3.913    25.587   -23.474  306   -1  447  383
 638     0.127    16.399    16.550   -1  445  676  613
 639    -7.179     4.930    22.297  618  585   -1  856
 640    24.890    28.273    -6.439  274  291  414   -1
 641    -1.240    42.304    11.987   -1  106  181  133
 642   -64.303     4.099     2.531  596  605   -1  839
 643   -19.150    36.122    19.649   -1  165  299  232
 644   -62.014    22.400   -13.394  319   -1  552  473
 645    11.083    46.886    18.518   70   76  106   -1
 646    46.731    -7.511   -11.026  864   -1 1097 1071
 647    -1.710   -12.389     3.702   -1  844 1240 1205
 648     2.597    31.897     3.869  227  226  367   -1
 649   -51.500    31.682    -9.663   -1  215  380  290
 650    50.703   -19.236     8.561 1023  905 1332   -1
 651    14.665    35.646   -23.903   -1  196  267  202
 652     9.852    16.548     4.926   -1  434  670  593
 653   -59.155     2.178    -7.232   -1  635  977  850
 654     6.506    22.129    -3.027   -1  364  537  470
 655   -47.290    51.141   -30.134    3   29   31   -1
 656   -11.948   -18.357   -17.349   -1  916 1298 1282
 657     1.885   -14.183    11.189   -1  846 1279 1251
 658    -0.526    49.187    15.691   -1   45   81   52
 659     6.151    19.174    12.916  398   -1  618  557
 660    10.591    22.562    15.948   -1  342  555  492
 661   -38.589     3.913    -0.649   -1  594  928  849
 662   -24.358     4.074     5.393   -1  611  917  846
 663     3.554    10.415    14.984   -1  516  790  739
 664   -21.051    22.368   -26.268  346   -1  507  439
 665    13.452   -28.187    14.440   -1 1004 1515 1479
 666    14.490    34.439    10.236   -1  191  302  270
 667    10.061     6.612    -4.881   -1  590  834  775
 668   -59.296    47.125   -28.092   29   41  124   -1
 669    50.743    46.458    -2.241   -1   81   86   92
 670    18.664    -2.418   -24.134   -1  727  982  939
 671   -11.116    14.714   -21.061   -1  461  684  592
 672    10.104    44.053    -6.637   73   -1  143  102
 673    41.737   -26.317     5.165 1119  988 1439   -1
 674    18.320    40.857    27.019   -1  130  206  149
 675    10.054   -14.446    -4.479   -1  868 1267 1227
 676    -4.090    21.293   -13.613   -1  382  532  483
 677   -61.502    39.316   -10.123  101   -1  235  199
 678    51.411    -3.442    -4.842  773   -1 1037  997
 679    39.065     1.455    20.578   -1  649  972  946
 680   -62.210    31.184    -7.107  225   -1  369  330
 681    24.513    51.461   -14.494   13   -1   35    3
 682   -62.335   -22.517    -0.112 1053   -1 1416 1368
 683    22.703    -1.687   -10.413  728   -1 1003  937
 684    -0.620   -15.356    14.845   -1  860 1323 1278
 685    12.510    -8.091     6.258   -1  790 1166 1100
 686   -26.273     0.527    13.522  670   -1   -1  945
 687    24.056   -31.849    -3.784   -1 1081 1545   -1
 688    19.075    -0.473    13.045  701  687   -1   -1
 689    34.984    10.868     2.178   -1  535  758   -1
