657
   1    22.152    41.013     9.363  121  128  200  163
   2    22.199    31.135     6.724  246  241  373  323
   3    10.332    13.348     9.304  486  480  722  688
   4    24.175    35.969     9.994  178  181  302  249
   5   -21.965    35.382    11.189  181  173  319  259
   6   -26.198    45.037    12.021   81   69  145  106
   7    38.151    23.031    17.359  352  362  546  494
   8   -26.051     1.062    12.885  660  651  980  931
   9    15.194   -31.242    10.308 1164 1021 1573 1588
  10    38.236    11.262    -0.551  525  520  747  714
  11     8.693    28.874    10.762  279  272  441  366
  12    13.843    15.889     4.106  456  452  669  634
  13     7.764    33.199     9.963  212  206  349  296
  14   -16.141    26.459     7.871  302  295  492  417
  15   -23.046    48.823    -0.331   52   37   86   57
  16     9.646   -14.653    10.589  937  863 1277 1280
  17   -33.413    -9.979    10.750  836  797 1221 1177
  18    -7.004   -28.832   -18.776 1127 1024 1486 1459
  19     1.569    -6.716     6.671  807  762 1124 1104
  20   -11.319     1.793     3.787  654  644  939  906
  21   -17.412    47.793    10.704   63   48  101   73
  22   -17.256    18.922    11.427  401  393  637  580
  23   -49.082    16.546    11.130  424  430  692  632
  24    16.464   -12.944     4.740  913  843 1234 1241
  25     5.892     9.889    10.922  534  528  794  753
  26    -5.303    36.988     2.851  160  158  285  228
  27    -4.567    33.968     0.097  200  190  331  275
  28    27.758   -30.815     5.730 1167 1033 1552 1530
  29     3.070   -27.212    10.003 1097  991 1508 1481
  30   -48.290    34.059     8.109  205  176  348  283
  31   -35.679    29.580     6.932  263  242  435  358
  32   -14.707   -30.064    12.776 1123 1008 1610 1516
  33   -10.631    36.734     2.065  165  159  289  234
  34    19.305    21.939     7.490  364  372  560  516
  35   -16.814   -20.488     6.911 1010  922 1396 1359
  36    38.416    51.820     2.828   11   43   23    8
  37   -23.834   -22.136    12.508 1025  937 1436 1388
  38    -1.558   -30.847   -12.222 1173 1061 1525 1499
  39   -45.904    15.389    18.847  451  428  733  661
  40   -15.685    43.627    11.973   91   92  165  127
  41   -27.050    17.423     5.573  420  418  660  605
  42   -21.081   -16.298     9.136  955  877 1335 1303
  43    17.905   -20.455     8.246 1022  924 1380 1371
  44    39.248    10.498    12.367  538  517  768  745
  45     1.087    22.291     9.948  353  352  567  507
  46    18.657   -31.321    11.600 1165 1034 1600 1583
  47   -48.277    39.930    14.367  123  111  253  204
  48    19.656   -19.488    14.048 1006  910 1364 1366
  49    13.824     4.038     7.382  621  608  891  872
  50    28.043    39.843    10.740  138  140  217  182
  51     8.459    43.516     8.029   92   98  160  122
  52    19.623     8.613     9.086  557  551  804  775
  53    39.482     3.878    13.567  628  615  889  898
  54    13.313    22.004     6.601  360  367  561  515
  55    22.206   -30.911     3.041 1166 1041 1554 1528
  56    23.618    23.694     7.201  335  346  524  463
  57   -21.501   -20.712    11.951 1007  921 1417 1369
  58   -17.613   -30.060    14.027 1119 1006 1619 1518
  59   -11.813    19.200     3.983  399  396  622  565
  60   -47.502     7.749    -7.848  552  548  827  767
  61   -10.101   -31.119     2.641 1158 1031 1599 1511
  62    34.854    50.620   -10.306   21   47   31   21
  63    -9.384   -20.946    10.282 1014  926 1410 1375
  64   -27.762    15.548     4.389  448  446  693  640
  65    40.748    28.140    13.244  291  293  444  387
  66   -11.670    -9.579     6.081  846  799 1191 1166
  67     2.266     2.962    11.132  633  624  928  892
  68   -13.644     6.732     8.156  570  568  851  811
  69    -8.026     3.339     4.846  627  616  912  878
  70   -13.384    49.944    -2.601   38   30   65   37
  71   -29.331    31.727    11.671  228  211  388  319
  72   -12.989   -11.365     9.430  877  818 1230 1216
  73   -24.862    39.987     8.334  130  122  232  186
  74   -13.012   -30.915     4.776 1154 1019 1605 1514
  75   -11.975    20.270     6.381  383  378  609  551
  76    -5.972    -6.839    11.311  803  759 1143 1120
  77    -6.298    39.641    -1.349  132  130  226  183
  78     8.041   -30.045    -9.824 1152 1048 1518 1491
  79    13.077     1.029     6.942  674  661  944  930
  80     0.677   -31.078   -13.085 1174 1080 1528 1502
  81    39.416    -8.281    11.932  838  784 1144 1164
  82    11.960    49.681    -4.537   40   38   64   36
  83   -38.246   -23.172    11.371 1038  949 1462 1403
  84     5.415   -24.327     2.090 1068  967 1435 1420
  85   -29.162   -11.961    12.105  878  824 1255 1227
  86    14.447   -30.737   -19.730 1179 1083 1504 1483
  87     9.210    -4.288    12.904  762  719 1074 1060
  88   -36.676    22.852    11.311  336  339  571  491
  89   -15.835    -0.764    10.746  700  676 1021  975
  90    18.217   -17.340     8.176  983  894 1329 1332
  91     8.272    34.859     7.732  191  188  318  264
  92    -5.974    -9.339     6.742  840  794 1182 1161
  93   -14.641    39.428    -1.609  135  134  230  188
  94    -3.961     2.810     9.018  636  623  934  893
  95   -51.413    30.459    -5.632  241  227  401  335
  96    17.975   -31.228    12.777 1159 1032 1617 1580
  97    18.532   -26.314    -5.906 1110  993 1443 1449
  98     9.677    51.842    18.095   27   26   39    7
  99   -31.304    28.708    11.297  275  257  461  372
 100    16.784     3.429     6.503  632  622  900  881
 101    21.311   -12.862    10.133  910  838 1238 1248
 102    42.564    28.023     6.700  294  300  426  380
 103    10.945   -30.535   -17.229 1175 1070 1511 1475
 104    -4.504    -5.755    12.035  789  743 1120 1096
 105     8.071   -26.536     2.382 1103  990 1467 1463
 106   -28.980   -17.492    10.635  966  889 1360 1325
 107    10.122    20.395     8.138  385  387  599  552
 108    13.412   -10.374     9.814  868  811 1197 1195
 109    25.950    21.057     7.080  378  383  577  533
 110    40.511     1.552   -13.654  675  670  888  895
 111    22.273   -22.244     6.518 1048  946 1405 1392
 112   -50.234   -22.273    15.149 1026  925 1461 1405
 113   -29.349   -14.518     5.743  928  856 1291 1262
 114    -7.394    27.096     7.031  295  289  478  400
 115   -29.702    28.601     9.282  274  260  460  374
 116   -29.749   -22.233     6.236 1031  942 1430 1379
 117    -4.696   -16.730     8.757  967  885 1331 1313
 118    25.221   -26.489     9.695 1098  978 1476 1477
 119    25.967   -12.946     8.880  915  841 1235 1250
 120     8.611   -11.808   -20.245  906  845 1173 1163
 121    21.343    -9.782     6.152  867  805 1175 1178
 122    12.898    12.559    11.758  495  489  746  706
 123    23.085     6.576     7.347  579  582  839  819
 124   -30.469    50.773   -14.002   23   25   47   18
 125    13.703    18.681     7.866  411  412  624  582
 126   -20.141    39.708    -5.677  128  125  224  181
 127   -20.503    31.409     0.772  242  215  375  314
 128   -10.580    10.353     6.402  526  516  788  734
 129   -28.484    -8.738     3.619  826  773 1186 1135
 130     7.478    21.915     8.666  362  365  569  518
 131    10.773    -3.573     6.651  753  712 1049 1029
 132   -27.659    42.875    12.150   96   93  183  142
 133     4.625   -16.508     7.344  968  883 1320 1311
 134    28.418    36.820     9.616  170  169  280  231
 135   -30.905    -5.598    10.062  766  739 1132 1082
 136   -19.944    36.922   -15.127  154  149  276  218
 137   -19.551    24.123   -23.669  322  336  506  423
 138   -48.999     5.801     4.717  572  573  894  804
 139   -56.591    16.915     3.873  421  414  686  606
 140   -29.229    33.536    -0.160  203  191  345  287
 141   -21.604    42.845    13.030   99   95  181  143
 142    20.563    -4.664     8.705  775  732 1069 1065
 143    21.599    50.802     9.892   36   35   49   15
 144    17.913    37.688   -12.274  149  155  256  202
 145     4.713    -1.026    11.076  714  683 1016  989
 146    39.125    -6.028     8.044  806  760 1084 1103
 147     2.975    23.321     9.802  340  342  544  477
 148   -53.165   -11.390   -15.470  858  833 1217 1159
 149   -20.632    -9.463    10.106  833  790 1201 1170
 150    39.095    38.095     2.727  152  156  246  211
 151   -47.953     0.989    10.752  650  648 1001  928
 152    37.526    49.091     1.215   49   62   51   49
 153    -7.505   -15.322    10.377  938  872 1300 1293
 154    -2.008    22.209   -13.786  348  361  540  476
 155    -6.504     2.311    16.688  640  630  947  917
 156    -4.614   -30.885   -11.938 1170 1068 1524 1498
 157    10.644    -8.990     9.091  839  788 1169 1162
 158   -48.750     9.346    -2.334  530  526  808  737
 159   -43.708   -29.984    -8.056 1142 1010 1557 1488
 160   -17.309   -14.318    11.097  917  854 1292 1272
 161    14.196    -9.034     8.983  845  789 1166 1167
 162    -3.220   -21.022     6.328 1023  929 1395 1370
 163    -3.759    22.514    10.884  347  350  563  505
 164    -4.648    13.286     8.479  480  474  734  689
 165    11.921     8.942     6.941  547  541  801  765
 166    23.974    14.461     7.791  471  466  699  662
 167   -49.659   -11.903    -0.046  872  828 1239 1205
 168    14.543    40.498    20.176  134  133  213  178
 169    -7.711   -13.977     8.465  920  852 1268 1257
 170   -15.795    21.171     8.352  368  369  595  535
 171   -17.780    44.369    13.318   87   86  151  115
 172     9.179   -24.285     6.845 1069  960 1441 1427
 173   -12.578   -16.586    -2.100  975  887 1310 1286
 174    -1.894    48.084   -10.122   57   46   92   60
 175     1.951    32.598    -5.371  216  208  351  298
 176    16.226     0.327    11.732  688  666  972  959
 177     7.078   -22.899    10.071 1049  950 1427 1413
 178   -15.477    16.931     8.333  429  434  667  619
 179     2.980    42.698     3.639   98  101  171  132
 180   -34.399   -28.858    12.462 1109 1000 1584 1503
 181     2.277    26.862     9.367  299  302  481  408
 182   -10.796    11.183    11.210  515  501  780  725
 183    -8.578    -8.490     8.353  820  775 1171 1148
 184   -30.386     0.850     2.784  664  656  968  920
 185    26.109    18.437     8.737  414  425  625  587
 186   -18.462    -5.353     9.132  773  736 1114 1077
 187    45.234    12.681    10.289  499  498  727  707
 188    26.445    -3.986   -18.231  781  746 1003  999
 189   -16.609    -9.366     2.288  832  800 1185 1153
 190    23.946    19.312     7.012  404  407  614  567
 191    10.893    -0.605     8.177  706  678  990  977
 192   -49.549   -21.646     3.704 1024  934 1422 1378
 193     5.031    41.756     4.881  110  107  192  155
 194    22.346    15.882    14.175  459  456  676  644
 195   -12.247     3.830     8.374  616  604  910  873
 196   -46.829    27.964    12.299  284  264  475  393
 197    26.250     1.146    18.471  673  658  956  950
 198    39.380    17.592    11.812  435  436  631  615
 199   -24.824     9.353    12.435  535  527  816  762
 200    27.363   -19.832   -19.886 1036  940 1312 1318
 201    -2.107    19.826     7.581  393  392  617  561
 202    38.606     7.044    15.006  583  578  813  826
 203    36.469    28.211    10.364  290  288  439  378
 204   -33.267     4.428    10.783  599  592  916  864
 205    21.073    17.740    12.396  425  427  645  612
 206   -17.637    -3.084     7.820  735  696 1057 1013
 207   -24.814    24.192   -18.471  327  324  498  439
 208    -7.498   -20.037     9.598 1004  918 1390 1356
 209   -37.752   -12.237     3.655  882  826 1258 1221
 210   -33.052     1.095    11.320  656  647  978  929
 211    22.114     9.664    13.906  539  531  795  761
 212    -8.033    -9.909     5.905  849  804 1193 1173
 213    39.191    35.276     2.468  185  198  301  252
 214    -2.278   -11.053     8.461  875  817 1220 1209
 215    23.929     5.765     9.582  593  588  855  842
 216    14.493    -3.179     3.724  748  707 1036 1014
 217     0.710     0.556     6.943  679  663  964  940
 218   -11.544    31.649     5.622  233  216  374  316
 219     5.760    -5.472     9.779  785  744 1104 1090
 220   -18.261    -2.356     8.760  726  694 1047 1001
 221     3.869   -30.750   -18.813 1183 1063 1493 1487
 222     3.989    18.052     8.327  416  419  640  592
 223   -22.441    -3.955    11.839  743  706 1086 1043
 224   -20.573    40.604    13.082  124  119  220  179
 225    -2.773    -1.026    -9.597  716  691  971  947
 226    28.341   -15.883    -3.340  978  898 1260 1277
 227    21.262    -6.173    11.080  800  752 1110 1107
 228    36.108    26.475     7.423  313  316  479  405
 229   -47.748    -7.670   -20.060  811  777 1130 1050
 230   -55.967    33.559   -22.508  183  183  336  268
 231     7.901    15.854     6.996  454  451  672  639
 232    10.005    22.387     9.981  356  356  559  504
 233   -39.142   -16.994    -0.371  970  888 1338 1287
 234     6.642   -29.188    -5.648 1137 1012 1506 1482
 235    -0.841     0.744     9.905  671  660  966  941
 236   -49.880     1.564    10.908  643  633  985  919
 237    36.262   -26.125    -1.646 1116  982 1437 1457
 238    38.931    -4.668    24.178  768  721 1101 1116
 239    19.372    -0.910    23.730  713  675 1025 1009
 240   -16.919   -17.473    11.322  974  891 1356 1329
 241   -49.683    -6.973     2.344  794  758 1156 1091
 242   -24.231     4.813    11.111  603  584  897  867
 243   -14.884    -3.352     7.515  740  697 1066 1024
 244   -20.663     4.800    12.717  597  587  906  861
 245   -49.699     3.738    -2.982  614  607  914  848
 246   -62.121   -13.180     0.587  914  822 1285 1236
 247    31.866    33.372     9.922  220  209  333  290
 248   -26.700    30.485    11.339  250  234  415  342
 249   -16.855   -26.309     3.630 1092  981 1485 1448
 250    18.887    -6.139     6.508  799  757 1100 1097
 251   -24.508    45.990     2.718   72   61  125   86
 252   -23.476   -11.037     7.498  864  815 1229 1190
 253    27.547    -9.464    10.467  856  801 1174 1180
 254   -57.033   -14.829   -21.071  943  876 1259 1220
 255    17.993    51.293    15.810   34   32   37   17
 256   -57.740    -7.991    -6.076  808  774 1167 1099
 257    36.526     2.378     7.238  668  632  918  910
 258   -60.806    24.404     6.615  320  319  545  453
 259     0.610   -23.901     9.892 1061  959 1448 1417
 260     8.638    37.605    -7.471  150  148  259  217
 261    26.009    -3.164     7.579  752  709 1033 1026
 262    -5.571    18.490     9.667  408  408  639  589
 263   -23.384    11.543    18.814  504  488  796  721
 264   -43.491   -32.142    -3.868 1177 1035 1627 1533
 265   -56.655    18.770    12.452  395  384  663  586
 266    18.969   -29.902    15.688 1128 1005 1561 1562
 267   -39.538   -25.652    12.689 1064  971 1513 1454
 268     4.490    17.567     8.926  426  429  647  608
 269   -30.953   -14.786     6.485  923  864 1315 1263
 270   -43.214    48.778    -1.671   39   39   81   70
 271    21.580   -17.747     8.513  988  901 1334 1338
 272   -16.597   -24.070   -11.100 1057  969 1429 1393
 273   -60.515     5.455     7.642  571  576  903  835
 274    -1.791    -4.778    15.376  764  720 1106 1080
 275   -45.230     3.536     4.105  610  606  924  882
 276   -22.682    -2.267   -22.718  738  703  979  943
 277    -8.665    22.736     1.452  341  348  551  481
 278   -19.134    30.397    10.440  254  238  412  343
 279   -15.482    13.594   -20.497  474  469  697  648
 280     7.550    35.080   -19.413  172  187  308  244
 281    11.939    -4.695     8.094  771  730 1070 1063
 282    16.335    28.566    18.756  286  279  452  385
 283   -57.426     3.835    -4.784  608  602  902  856
 284   -39.077    34.524    13.056  190  179  338  277
 285    -3.943    11.997   -20.475  497  515  726  658
 286   -11.434     8.746     9.098  543  538  817  772
 287    22.932   -14.845    16.376  944  858 1276 1309
 288   -36.936   -27.150     1.862 1095  984 1509 1465
 289    -2.840    24.696    17.971  326  329  530  455
 290     4.718    -5.574     9.031  793  742 1107 1089
 291    43.036    12.150     1.455  500  523  731  704
 292    -1.543    30.638    15.718  249  237  406  351
 293    38.542    -4.560     2.477  788  740 1045 1054
 294   -28.920     7.051   -15.172  564  567  824  774
 295     1.486    -5.139     7.016  770  745 1087 1072
 296    20.814    33.511     0.991  211  207  329  281
 297   -18.145    29.831    10.555  259  251  436  348
 298     8.320    39.507    12.704  139  143  234  189
 299    13.290   -24.018    17.566 1060  954 1465 1445
 300    38.982    -0.506     8.079  725  674  970  973
 301    16.400    30.790    -2.646  244  244  380  327
 302    -4.204   -14.155    11.178  918  850 1283 1273
 303    30.230    29.669    -4.488  272  269  390  334
 304   -10.993    -5.250   -15.605  782  755 1067 1011
 305    16.925    25.685    11.177  315  323  503  435
 306    49.156    22.893     0.830  343  389  519  469
 307     3.683    16.836   -14.684  437  437  628  607
 308   -12.056    48.263    12.927   60   52   98   58
 309    38.378    19.741     8.803  397  402  605  566
 310    16.398    -7.956    11.422  819  772 1149 1149
 311   -59.102    12.978   -13.320  475  473  721  664
 312    50.438     5.057     3.312  618  601  848  849
 313     0.225    -4.923    10.095  769  731 1089 1069
 314   -59.025    30.118     2.837  248  226  431  347
 315   -16.795    13.549    19.561  477  458  760  705
 316     9.225    47.208     0.983   65   58  104   76
 317   -21.378     0.356    20.922  669  657 1032  956
 318   -27.678   -21.788     8.997 1018  935 1432 1383
 319   -10.510    25.953    12.001  314  309  501  428
 320   -26.225     4.654    -4.477  605  593  876  846
 321     4.118     7.477     1.389  561  570  822  793
 322   -59.734     0.014   -18.375  683  664  976  901
 323     7.717    25.732     0.729  319  320  487  413
 324    -7.709    36.003    20.358  173  168  316  261
 325    45.755    41.661     9.912  101  146  170  156
 326    11.913     7.450    17.183  565  555  843  820
 327     2.539    31.778     5.417  229  218  369  311
 328     1.031   -16.452    13.738  971  874 1333 1320
 329   -14.885    -0.442   -26.175  710  688  935  903
 330   -51.861   -26.571   -17.183 1101  986 1479 1416
 331    48.503    31.245    -6.069  232  275  354  304
 332   -33.430    36.186   -22.236  155  157  303  222
 333   -10.012    15.786     6.610  444  455  679  635
 334   -14.673    14.041    22.612  469  460  748  690
 335    -1.230     9.184   -19.602  540  554  771  719
 336    14.965    29.836   -14.178  260  243  393  330
 337   -49.997    -8.647     2.226  813  782 1187 1126
 338    40.430    36.122     2.131  176  184  272  243
 339     2.031   -20.311     1.144 1021  928 1379 1348
 340    25.559     8.813    16.733  558  552  805  783
 341   -58.921     6.953    -9.169  554  557  849  790
 342    27.419    46.099    -7.332   71   76  116   74
 343    49.670    20.133    -0.048  392  415  580  548
 344    -9.311    13.562   -15.373  473  477  702  651
 345    -5.411     0.717     2.809  686  655  946  933
 346   -59.565    37.313     4.827  136  161  286  240
 347   -35.401    48.913    -4.676   48   40   77   56
 348    19.494    46.251    -2.062   69   84  109   79
 349   -48.587    -3.063     0.362  729  701 1052  998
 350    -4.184    37.603    -4.991  143  151  269  216
 351   -24.088    12.342    -2.083  496  482  759  680
 352   -16.613    11.940   -11.121  494  497  753  687
 353    -2.376    44.586     0.359   76   90  147  101
 354     9.517    44.251    -4.035   77   85  149  110
 355   -24.963    21.524    -5.926  354  376  562  497
 356   -37.366    16.064    -4.878  415  441  703  617
 357   -38.978    12.775     9.821  482   -1  765  702
 358   -48.961    18.125    13.809   -1  394  666  600
 359   -49.183    13.138     4.038   -1  464  761  678
 360     7.422    13.485    -0.392   -1  478  710  672
 361   -25.110     1.148    15.059   -1  643  982  938
 362   -46.454   -31.011    -3.684   -1 1042 1606 1506
 363    30.654    11.733   -19.798  519  519  707   -1
 364    38.448    49.204     2.762   45   56   68   -1
 365    16.623   -32.234    12.435   -1 1049 1628 1615
 366    24.755   -32.057     4.961   -1 1064 1593 1584
 367   -48.795    26.610     0.738   -1  284  494  407
 368    13.002   -31.226    17.215   -1 1018 1631 1581
 369   -19.608   -19.956    11.289   -1  911 1398 1358
 370    33.999   -32.941     1.648 1185   -1 1594 1605
 371   -46.173    19.124    19.342   -1  381  659  579
 372    30.310   -29.756    10.990 1148   -1 1540 1529
 373     6.228    13.034    10.822   -1  484  737  699
 374   -49.315    21.983     2.248   -1  344  593  502
 375     1.646    49.652   -34.933   -1   31   55   24
 376    10.320   -29.814     2.730   -1 1011 1538 1507
 377    33.899   -30.737     5.537 1172   -1 1543 1550
 378    27.903   -31.163    14.138   -1 1038 1591 1593
 379   -49.103    20.950     2.606   -1  358  606  532
 380   -52.165    19.980   -23.712  374  379   -1  513
 381    20.842   -31.908     6.848   -1 1051 1615 1575
 382   -30.575    -5.383     5.575   -1  735 1119 1061
 383    33.985    -4.991    15.819  778  738 1108   -1
 384    35.322   -11.653     7.698  904  827 1198   -1
 385   -36.628    41.020    -5.669  108   -1  203  168
 386   -48.082    24.593     6.868  318  314   -1  443
 387    39.149   -32.355     6.081 1184   -1 1592 1611
 388   -33.397    40.117   -13.392  118   -1  212  173
 389    50.929     7.172     7.600  580   -1  815  809
 390    36.872   -21.447    -2.399   -1  943 1371 1372
 391    54.797    18.003    -0.680   -1  450  603  578
 392    22.386   -31.282     8.287   -1 1040 1571 1566
 393   -58.671    -5.169    14.105   -1  715 1147 1076
 394   -51.293    27.472    -0.742   -1  273  477  391
 395    36.565    18.335     9.471   -1  426  621  591
 396   -49.322   -11.053    10.257   -1  809 1250 1198
 397   -52.977     6.991     1.061   -1  561  857  789
 398    35.758    11.239     0.588   -1  518  744  713
 399    15.107   -32.140     8.549   -1 1058 1624 1590
 400    18.243   -32.276     4.021   -1 1060 1612 1582
 401    29.274     5.712     3.490   -1  595  845  831
 402    56.346    14.428    15.779   -1  487  684  673
 403    11.793    46.069    26.502   78   73  126   -1
 404    22.937   -32.549     4.895   -1 1084 1620 1585
 405   -48.554    14.959    14.574   -1  444  730  660
 406   -43.085    17.780   -23.753   -1  421  627  558
 407   -63.617     7.278     6.971  556  549   -1  796
 408     6.586    33.760    17.722   -1  200  341  294
 409   -45.034   -12.148    17.745  871   -1 1279 1239
 410   -58.030    34.784   -24.202  166   -1  325  250
 411   -58.944    20.846   -26.175  355   -1  587  495
 412    39.048    22.238     5.450   -1  363  547  521
 413    50.347    13.778     6.114  487   -1  700  675
 414   -41.081    10.984    18.208  506   -1  807  733
 415   -22.681    20.134    24.067  382  375   -1  574
 416   -36.281    38.498     3.732  140   -1  264  215
 417    27.746   -10.709   -13.807   -1  834 1155 1156
 418    41.876   -23.511   -11.003 1080   -1 1373 1401
 419   -16.654    24.052   -26.249   -1  335  504  425
 420   -20.008    10.812    19.460  518   -1  798  742
 421   -49.307    25.595     3.897   -1  294  517  429
 422    29.875   -13.989   -14.023  947  870 1222   -1
 423    29.682    23.478     0.221   -1  353  522  459
 424     9.130    28.674    -1.534   -1  277  440  355
 425    14.742    33.657    10.114   -1  202  337  289
 426    13.703     0.290    24.503   -1  659  998  992
 427   -22.359   -28.704   -26.249   -1 1039 1475 1426
 428   -48.654    17.249    13.857   -1  411  682  621
 429   -56.524     9.102    20.292   -1  508  846  781
 430    24.393    28.275    14.758   -1  280  454  389
 431    49.391     7.142     4.919  576   -1  814  806
 432   -53.217   -28.559     4.613 1114   -1 1556 1494
 433     0.727     3.701     8.457   -1  611  907  879
 434   -59.812     2.424   -14.131   -1  637  931  863
 435   -28.193    -3.467     9.375   -1  700 1079 1023
 436    -8.195   -32.066     7.952   -1 1045 1635 1571
 437   -49.209     9.812     9.686   -1  504  818  747
 438   -49.769   -16.475    -0.201   -1  881 1340 1279
 439    25.705   -31.274    14.572   -1 1025 1608 1599
 440    40.563   -10.828   -21.810  895   -1 1134 1151
 441    13.831    41.729    14.692   -1  115  194  159
 442   -48.831    10.496    -3.745   -1  502  789  718
 443    19.403    23.593    12.327   -1  345  535  473
 444   -50.046    33.188     0.827   -1  186  364  293
 445    19.821    41.357    14.206   -1  121  196  162
 446    26.913     6.473   -15.298   -1  599  809  780
 447    -7.449    -7.187     4.035   -1  769 1137 1109
 448   -60.182   -17.127     9.059  960   -1 1365 1315
 449    22.704    30.702    -1.573   -1  249  379  328
 450    38.041   -16.644     3.158  990  880 1263   -1
 451    34.172    -1.367    -0.120  730  693  961   -1
 452    23.045    11.919     4.448  510   -1  743  710
 453    17.684    53.138    -2.360   14   22   11   -1
 454   -28.568    12.941     9.086   -1  471  755  694
 455   -48.015    28.086   -21.651   -1  265  451  356
 456   -49.763    30.698    -0.208   -1  213  411  331
 457   -49.627   -14.816     3.573   -1  860 1321 1253
 458    37.988    32.713    10.656   -1  225  342  301
 459   -38.603     4.781    -0.932  600  589   -1  830
 460    10.785     7.446     7.557   -1  566  826  797
 461   -60.729    33.495    -6.417  184   -1  361  295
 462   -50.446    23.494    -0.281   -1  330  566  451
 463     0.946    -7.449     0.099   -1  778 1123 1106
 464   -45.285     0.941    23.700  646  642   -1  958
 465   -59.997   -18.510   -22.492  994   -1 1330 1290
 466    55.547    -5.340     9.519   -1  753 1060 1094
 467    10.031    -4.348     8.361   -1  722 1064 1057
 468     2.891     8.617   -13.295  555  553   -1  741
 469   -13.155    -9.147    -1.811   -1  798 1163 1142
 470   -50.151    40.045    -0.511   -1  118  225  180
 471    21.208    22.008     8.924   -1  371  558  517
 472   -16.934   -16.516    -2.445   -1  892 1308 1283
 473    47.262    27.255     6.911  301   -1  455  397
 474   -49.845    22.340     1.952   -1  343  579  488
 475    22.517    15.748    23.504   -1  448  687  663
 476    18.846    40.829    20.250   -1  127  208  172
 477    12.975   -14.030     3.170  931  861   -1 1255
 478   -10.643    35.062   -14.290   -1  180  311  248
 479   -53.330    40.925   -22.483   94  105   -1  158
 480   -18.300    44.239     1.376   -1   77  148  113
 481   -11.995    35.121   -33.212  177   -1  290  230
 482    14.342    13.643    12.422   -1  468  716  695
 483    28.822    47.836    -7.876   58   59   87   -1
 484    40.261    15.562   -13.819  462   -1  643  626
 485    13.201    53.663     7.024   10   20    7   -1
 486   -59.331   -13.060     5.657  893   -1 1282 1228
 487   -48.381    44.593     1.740   -1   67  146  117
 488    48.228    30.685    14.315  257   -1  389  336
 489   -16.316    -9.539     8.748   -1  792 1195 1172
 490   -59.118    -5.895     7.131   -1  737 1150 1075
 491    -4.651    31.218   -17.642  234  229   -1  305
 492   -13.125   -16.407     8.126   -1  878 1332 1308
 493    24.288    23.624     0.474   -1  347  515  462
 494   -34.423    25.567   -10.885   -1  305  499  416
 495   -13.310    25.878     7.883   -1  313  500  422
 496    22.292    14.593     6.396   -1  465  689  656
 497    30.712    49.224    -9.273   43   51   60   -1
 498   -60.566   -15.468    15.465  916   -1 1358 1296
 499   -48.417    50.043   -15.928   15   -1   79   53
 500    13.669     2.871     6.472   -1  634  915  890
 501    49.636     5.890   -17.494   -1  618  802  787
 502   -37.305    37.079   -12.050  148   -1  284  224
 503   -10.378    27.310     8.556   -1  286  476  398
 504   -24.146    22.721    -0.758  339   -1  556  484
 505    13.524   -26.304    -6.546   -1  985 1455 1437
 506    54.021    21.896     3.628   -1  395  532  490
 507    44.777    -8.408    -6.229  857   -1 1105 1131
 508    -1.786     5.861     9.221  585   -1  872  838
 509   -54.207   -28.099    16.470   -1  975 1570 1508
 510    38.506    25.751    14.798   -1  326  488  437
 511   -53.628    17.238     7.840   -1  410  678  611
 512    56.873    11.484    13.093   -1  525  749  724
 513     5.935    35.444    11.706   -1  171  315  260
 514   -64.078    25.668     0.848  287  311   -1  433
 515   -28.285    19.276   -23.584  386  406   -1  522
 516    41.309    46.796    -6.862   62   83   94   -1
 517    28.970    36.300    -3.408   -1  178  283  233
 518     8.096    30.943    -9.898   -1  246  377  308
 519     8.942    41.087   -25.348   -1  117  187  144
 520     7.280   -18.839    18.317 1000   -1 1367 1363
 521    27.958    42.550   -12.315   -1  110  158  121
 522    10.454    16.584     8.201  439  443   -1  630
 523    16.106    -8.958   -12.584   -1  808 1125 1123
 524    51.165     2.622    12.980  658   -1  909  915
 525    55.230    -7.717     6.529   -1  779 1111 1138
 526    19.445   -22.303   -21.729 1063   -1 1353 1354
 527    10.806     8.934    14.331   -1  534  811  779
 528    35.265   -24.354     6.411 1083  965 1414   -1
 529    20.728    -3.901    -8.071   -1  734 1031 1004
 530    36.840    11.741    16.775   -1  493  750  743
 531   -63.001   -10.086    -6.500  860   -1 1211 1136
 532   -47.257    41.100     2.514   -1  102  202  169
 533   -32.766   -22.160    20.982   -1  930 1459 1407
 534   -14.353    -1.577    18.668   -1  685 1046 1002
 535   -55.393    47.201   -18.380   29   66   99   -1
 536    29.389    52.567    -0.292   17   -1   15    1
 537   -28.846   -28.249     2.001 1112   -1 1532 1474
 538   -55.884    -1.145   -20.927  704   -1  992  918
 539   -61.349    22.874   -12.022  330   -1  565  461
 540   -59.434    44.388   -11.277   59   -1  150  147
 541   -58.573    -2.813   -24.355  724   -1 1023  972
 542   -48.321    51.176   -22.547    6   -1   57   26
 543    -6.105   -32.376     6.621   -1 1086 1632 1572
 544   -52.683    -6.692   -13.219   -1  756 1128 1051
 545   -57.335   -23.854    -7.919 1077  944   -1 1387
 546    39.097   -25.043    17.903 1086   -1 1452 1471
 547   -21.444   -23.509    -0.101 1051  961   -1 1384
 548   -20.113   -13.229     5.845   -1  846 1262 1240
 549    29.000   -20.217    -8.534 1035  933 1339   -1
 550   -52.260     1.397    12.641   -1  636  981  926
 551    33.983   -25.538    -4.547 1115  972 1412   -1
 552    29.504    42.774   -11.339   -1  109  154  116
 553    39.407    30.609    -7.477   -1  266  371  315
 554   -12.845    43.763   -11.847   89   88   -1  107
 555    28.899    34.025    19.468   -1  201  334  288
 556   -50.136   -22.412     7.966   -1  938 1440 1391
 557    12.734    32.506   -20.398   -1  224  332  280
 558    24.601    21.062    12.064   -1  386  586  540
 559    19.711   -23.696    19.372   -1  947 1445 1460
 560   -22.133    -4.412    -1.095   -1  728 1072 1025
 561   -48.625   -32.604    17.012   -1 1023 1649 1618
 562     8.903    20.644    15.194   -1  385  600  555
 563    39.451    27.752    11.736   -1  298  442  402
 564   -11.315    37.485   -30.516   -1  147  257  193
 565   -29.463    50.443     0.794   -1   24   50   46
 566    45.663    50.663   -23.719   -1   28   24   42
 567   -21.856    -0.345   -15.264   -1  684  941  927
 568   -42.361    -6.981   -11.512  801  764   -1 1073
 569    -9.582     2.934     7.291   -1  628  938  876
 570    44.607    16.490   -13.067  446   -1  630  603
 571     4.981    34.024    16.437   -1  192  339  292
 572   -58.420   -21.386     8.911 1037  906   -1 1386
 573   -61.270   -11.744    -6.878  876   -1 1233 1189
 574   -13.623    21.118    12.614   -1  364  604  544
 575   -23.454    33.033    26.210  209   -1  387  312
 576   -15.038     2.918    -3.665   -1  619  917  877
 577     0.138    24.975   -18.498   -1  328  491  415
 578     2.903    11.095    15.295   -1  506  781  731
 579   -31.703    47.624     2.360   -1   50  105   69
 580   -23.641    13.898   -16.648   -1  470  690  649
 581     0.576   -21.644     8.584 1040   -1 1411 1381
 582   -59.498    28.035   -12.268  273   -1  457  373
 583   -55.706    16.254    12.940   -1  420  715  631
 584   -40.745    31.136    22.026   -1  205  432  337
 585     1.345   -12.715   -18.265   -1  855 1192 1191
 586   -32.627   -24.452     2.391   -1  970 1468 1402
 587    25.015    19.698   -20.877   -1  422  557  531
 588    16.892    -2.995   -11.291   -1  725 1015  983
 589    -9.537    25.560    31.588  317   -1  541  447
 590    24.000    17.449    -0.340   -1  439  638  596
 591   -48.470   -20.664    -1.761   -1  936 1400 1342
 592   -12.723    -5.128    11.030   -1  724 1117 1078
 593   -60.734    15.618    -8.901  442   -1  696  627
 594   -10.573     2.535   -17.885   -1  649  882  868
 595   -16.788    -0.529     3.862   -1  672  997  963
 596     4.799   -18.817    -1.631   -1  908 1348 1335
 597     5.234    38.362     6.878   -1  145  258  213
 598   -24.637     5.159   -20.229   -1  591  850  801
 599   -57.280    19.565   -10.857  394   -1  608  554
 600   -31.991    -6.646    20.262   -1  750 1177 1121
 601    50.890   -14.875     9.251  959  873 1252   -1
 602   -15.639    16.304     0.526   -1  432  673  629
 603    45.723   -24.556     0.574 1090   -1 1416 1433
 604   -30.449     9.753    23.001  521   -1  838  768
 605    -6.587    35.023     3.801   -1  175  320  258
 606    40.678     2.272   -17.170   -1  671  863  869
 607    37.918    30.891    10.975   -1  252  386  322
 608    -4.613    40.522   -37.494   -1  123  184  150
 609    -3.195    29.792    30.572   -1  248  438  382
 610   -15.994     7.492     8.066   -1  562  842  788
 611   -40.195   -22.047    15.588   -1  927 1450 1396
 612   -18.133     3.793    -4.324   -1  614  890  854
 613    50.438    -8.762    -1.375  855  803 1136   -1
 614    20.377    -5.275    -8.337   -1  754 1051 1039
 615    49.778   -19.138     6.954 1017  907 1346   -1
 616   -12.336     7.229    18.039   -1  543  866  828
 617   -62.356    32.866     9.310  208   -1  368  313
 618   -54.308   -11.712    10.341   -1  823 1265 1200
 619    38.224    -0.463     7.983   -1  677  952  987
 620   -60.971    13.114   -19.841  468  483   -1  650
 621    22.042   -15.511   -20.454   -1  886 1236 1246
 622    14.489   -27.395    15.042   -1  996 1514 1490
 623   -23.373     3.082   -11.440   -1  629  913  845
 624   -38.997    40.352    -1.635  113   -1  233  175
 625     6.473    -6.299    22.507   -1  741 1138 1145
 626    10.610     1.865     6.382   -1  645  936  908
 627   -17.834    42.318    19.468   -1   96  197  161
 628   -50.209    31.257    -8.310   -1  203  404  309
 629    15.378    34.910     6.457   -1  185  317  254
 630     2.719    29.621   -23.592   -1  271  384  318
 631   -22.645    11.032    18.473   -1  495  786  746
 632   -60.106    42.536     0.180   80   80  211   -1
 633    49.833    36.391     3.679  174   -1  282  235
 634   -32.449   -27.742    -8.904   -1  999 1512 1439
 635   -28.004    -9.006   -14.997   -1  806 1148 1102
 636   -62.534    31.251    -9.256  210   -1  383  345
 637    -3.020    16.695    -4.925   -1  435  648  616
 638   -59.509    47.241   -21.310   32   36  128   -1
 639    -0.069     6.704   -21.764   -1  581  812  771
 640    -3.016    -4.788     2.654   -1  749 1082 1032
 641   -39.151   -15.339    -9.800  958   -1 1275 1247
 642    38.844    -2.482    14.966   -1  689 1026 1048
 643   -40.536   -11.934     7.162  865   -1 1270 1204
 644   -61.680    39.055    -9.929  105   -1  263  221
 645   -23.199     7.495    -8.479   -1  565  825  764
 646    10.349   -14.381     0.769   -1  875 1254 1254
 647    22.060   -21.028    14.323   -1  916 1393 1399
 648   -36.171   -12.718    -5.054   -1  832 1261 1199
 649     0.950    -3.355   -12.676   -1  711 1041  982
 650    -7.275   -12.882   -14.519   -1  859 1208 1196
 651    11.990    21.694    -4.386   -1  382  555  483
 652   -11.440    38.937   -14.232   -1  131  223  199
 653   -28.438    42.957   -17.149   -1   82  156  134
 654    -5.877     4.702   -14.978  596  620   -1  817
 655   -47.847    -0.573     2.390   -1  669 1017  961
 656   -49.460   -20.201     1.341   -1  917 1418 1339
 657     9.004     3.098     8.854  637   -1   -1  889
