1	5	5	-18
2	5	10	-18
3	5	15	-18
4	5	20	-18
5	5	25	-18
6	5	30	-18
7	5	35	-18
8	5	40	-18
9	5	45	-18
10	5	50	-18
11	5	55	-18
12	5	60	-18
13	5	65	-18
14	5	70	-18
15	5	75	-18
16	5	80	-18
17	5	85	-18
18	5	90	-18
19	5	95	-18
20	5	100	-18
21	5	105	-18
22	5	110	-18
23	5	115	-18
24	5	120	-18
25	5	125	-18
26	5	130	-18
27	5	135	-18
28	10	5	-18
29	10	10	-18
30	10	15	-18
31	10	20	-18
32	10	25	-18
33	10	30	-18
34	10	35	-18
35	10	40	-18
36	10	45	-18
37	10	50	-18
38	10	55	-18
39	10	60	-18
40	10	65	-18
41	10	70	-18
42	10	75	-18
43	10	80	-18
44	10	85	-18
45	10	90	-18
46	10	95	-18
47	10	100	-18
48	10	105	-18
49	10	110	-18
50	10	115	-18
51	10	120	-18
52	10	125	-18
53	10	130	-18
54	10	135	-18
55	15	5	-18
56	15	10	-18
57	15	15	-18
58	15	20	-18
59	15	25	-18
60	15	30	-18
61	15	35	-18
62	15	40	-18
63	15	45	-18
64	15	50	-18
65	15	55	-18
66	15	60	-18
67	15	65	-18
68	15	70	-18
69	15	75	-18
70	15	80	-18
71	15	85	-18
72	15	90	-18
73	15	95	-18
74	15	100	-18
75	15	105	-18
76	15	110	-18
77	15	115	-18
78	15	120	-18
79	15	125	-18
80	15	130	-18
81	15	135	-18
82	20	5	-18
83	20	10	-18
84	20	15	-18
85	20	20	-18
86	20	25	-18
87	20	30	-18
88	20	35	-18
89	20	40	-18
90	20	45	-18
91	20	50	-18
92	20	55	-18
93	20	60	-18
94	20	65	-18
95	20	70	-18
96	20	75	-18
97	20	80	-18
98	20	85	-18
99	20	90	-18
100	20	95	-18
101	20	100	-18
102	20	105	-18
103	20	110	-18
104	20	115	-18
105	20	120	-18
106	20	125	-18
107	20	130	-18
108	20	135	-18
109	25	5	-18
110	25	10	-18
111	25	15	-18
112	25	20	-18
113	25	25	-18
114	25	30	-18
115	25	35	-18
116	25	40	-18
117	25	45	-18
118	25	50	-18
119	25	55	-18
120	25	60	-18
121	25	65	-18
122	25	70	-18
123	25	75	-18
124	25	80	-18
125	25	85	-18
126	25	90	-18
127	25	95	-18
128	25	100	-18
129	25	105	-18
130	25	110	-18
131	25	115	-18
132	25	120	-18
133	25	125	-18
134	25	130	-18
135	25	135	-18
136	30	5	-18
137	30	10	-18
138	30	15	-18
139	30	20	-18
140	30	25	-18
141	30	30	-18
142	30	35	-18
143	30	40	-18
144	30	45	-18
145	30	50	-18
146	30	55	-18
147	30	60	-18
148	30	65	-18
149	30	70	-18
150	30	75	-18
151	30	80	-18
152	30	85	-18
153	30	90	-18
154	30	95	-18
155	30	100	-18
156	30	105	-18
157	30	110	-18
158	30	115	-18
159	30	120	-18
160	30	125	-18
161	30	130	-18
162	30	135	-18
163	35	5	-18
164	35	10	-18
165	35	15	-18
166	35	20	-18
167	35	25	-18
168	35	30	-18
169	35	35	-18
170	35	40	-18
171	35	45	-18
172	35	50	-18
173	35	55	-18
174	35	60	-18
175	35	65	-18
176	35	70	-18
177	35	75	-18
178	35	80	-18
179	35	85	-18
180	35	90	-18
181	35	95	-18
182	35	100	-18
183	35	105	-18
184	35	110	-18
185	35	115	-18
186	35	120	-18
187	35	125	-18
188	35	130	-18
189	35	135	-18
190	40	5	-18
191	40	10	-18
192	40	15	-18
193	40	20	-18
194	40	25	-18
195	40	30	-18
196	40	35	-18
197	40	40	-18
198	40	45	-18
199	40	50	-18
200	40	55	-18
201	40	60	-18
202	40	65	-18
203	40	70	-18
204	40	75	-18
205	40	80	-18
206	40	85	-18
207	40	90	-18
208	40	95	-18
209	40	100	-18
210	40	105	-18
211	40	110	-18
212	40	115	-18
213	40	120	-18
214	40	125	-18
215	40	130	-18
216	40	135	-18
217	45	5	-18
218	45	10	-18
219	45	15	-18
220	45	20	-18
221	45	25	-18
222	45	30	-18
223	45	35	-18
224	45	40	-18
225	45	45	-18
226	45	50	-18
227	45	55	-18
228	45	60	-18
229	45	65	-18
230	45	70	-18
231	45	75	-18
232	45	80	-18
233	45	85	-18
234	45	90	-18
235	45	95	-18
236	45	100	-18
237	45	105	-18
238	45	110	-18
239	45	115	-18
240	45	120	-18
241	45	125	-18
242	45	130	-18
243	45	135	-18
244	50	5	-18
245	50	10	-18
246	50	15	-18
247	50	20	-18
248	50	25	-18
249	50	30	-18
250	50	35	-18
251	50	40	-18
252	50	45	-18
253	50	50	-18
254	50	55	-18
255	50	60	-18
256	50	65	-18
257	50	70	-18
258	50	75	-18
259	50	80	-18
260	50	85	-18
261	50	90	-18
262	50	95	-18
263	50	100	-18
264	50	105	-18
265	50	110	-18
266	50	115	-18
267	50	120	-18
268	50	125	-18
269	50	130	-18
270	50	135	-18
271	55	5	-18
272	55	10	-18
273	55	15	-18
274	55	20	-18
275	55	25	-18
276	55	30	-18
277	55	35	-18
278	55	40	-18
279	55	45	-18
280	55	50	-18
281	55	55	-18
282	55	60	-18
283	55	65	-18
284	55	70	-18
285	55	75	-18
286	55	80	-18
287	55	85	-18
288	55	90	-18
289	55	95	-18
290	55	100	-18
291	55	105	-18
292	55	110	-18
293	55	115	-18
294	55	120	-18
295	55	125	-18
296	55	130	-18
297	55	135	-18
298	60	5	-18
299	60	10	-18
300	60	15	-18
301	60	20	-18
302	60	25	-18
303	60	30	-18
304	60	35	-18
305	60	40	-18
306	60	45	-18
307	60	50	-18
308	60	55	-18
309	60	60	-18
310	60	65	-18
311	60	70	-18
312	60	75	-18
313	60	80	-18
314	60	85	-18
315	60	90	-18
316	60	95	-18
317	60	100	-18
318	60	105	-18
319	60	110	-18
320	60	115	-18
321	60	120	-18
322	60	125	-18
323	60	130	-18
324	60	135	-18
325	65	5	-18
326	65	10	-18
327	65	15	-18
328	65	20	-18
329	65	25	-18
330	65	30	-18
331	65	35	-18
332	65	40	-18
333	65	45	-18
334	65	50	-18
335	65	55	-18
336	65	60	-18
337	65	65	-18
338	65	70	-18
339	65	75	-18
340	65	80	-18
341	65	85	-18
342	65	90	-18
343	65	95	-18
344	65	100	-18
345	65	105	-18
346	65	110	-18
347	65	115	-18
348	65	120	-18
349	65	125	-18
350	65	130	-18
351	65	135	-18
352	70	5	-18
353	70	10	-18
354	70	15	-18
355	70	20	-18
356	70	25	-18
357	70	30	-18
358	70	35	-18
359	70	40	-18
360	70	45	-18
361	70	50	-18
362	70	55	-18
363	70	60	-18
364	70	65	-18
365	70	70	-18
366	70	75	-18
367	70	80	-18
368	70	85	-18
369	70	90	-18
370	70	95	-18
371	70	100	-18
372	70	105	-18
373	70	110	-18
374	70	115	-18
375	70	120	-18
376	70	125	-18
377	70	130	-18
378	70	135	-18
379	75	5	-18
380	75	10	-18
381	75	15	-18
382	75	20	-18
383	75	25	-18
384	75	30	-18
385	75	35	-18
386	75	40	-18
387	75	45	-18
388	75	50	-18
389	75	55	-18
390	75	60	-18
391	75	65	-18
392	75	70	-18
393	75	75	-18
394	75	80	-18
395	75	85	-18
396	75	90	-18
397	75	95	-18
398	75	100	-18
399	75	105	-18
400	75	110	-18
401	75	115	-18
402	75	120	-18
403	75	125	-18
404	75	130	-18
405	75	135	-18
406	80	5	-18
407	80	10	-18
408	80	15	-18
409	80	20	-18
410	80	25	-18
411	80	30	-18
412	80	35	-18
413	80	40	-18
414	80	45	-18
415	80	50	-18
416	80	55	-18
417	80	60	-18
418	80	65	-18
419	80	70	-18
420	80	75	-18
421	80	80	-18
422	80	85	-18
423	80	90	-18
424	80	95	-18
425	80	100	-18
426	80	105	-18
427	80	110	-18
428	80	115	-18
429	80	120	-18
430	80	125	-18
431	80	130	-18
432	80	135	-18
433	85	5	-18
434	85	10	-18
435	85	15	-18
436	85	20	-18
437	85	25	-18
438	85	30	-18
439	85	35	-18
440	85	40	-18
441	85	45	-18
442	85	50	-18
443	85	55	-18
444	85	60	-18
445	85	65	-18
446	85	70	-18
447	85	75	-18
448	85	80	-18
449	85	85	-18
450	85	90	-18
451	85	95	-18
452	85	100	-18
453	85	105	-18
454	85	110	-18
455	85	115	-18
456	85	120	-18
457	85	125	-18
458	85	130	-18
459	85	135	-18
460	90	5	-18
461	90	10	-18
462	90	15	-18
463	90	20	-18
464	90	25	-18
465	90	30	-18
466	90	35	-18
467	90	40	-18
468	90	45	-18
469	90	50	-18
470	90	55	-18
471	90	60	-18
472	90	65	-18
473	90	70	-18
474	90	75	-18
475	90	80	-18
476	90	85	-18
477	90	90	-18
478	90	95	-18
479	90	100	-18
480	90	105	-18
481	90	110	-18
482	90	115	-18
483	90	120	-18
484	90	125	-18
485	90	130	-18
486	90	135	-18
487	95	5	-18
488	95	10	-18
489	95	15	-18
490	95	20	-18
491	95	25	-18
492	95	30	-18
493	95	35	-18
494	95	40	-18
495	95	45	-18
496	95	50	-18
497	95	55	-18
498	95	60	-18
499	95	65	-18
500	95	70	-18
501	95	75	-18
502	95	80	-18
503	95	85	-18
504	95	90	-18
505	95	95	-18
506	95	100	-18
507	95	105	-18
508	95	110	-18
509	95	115	-18
510	95	120	-18
511	95	125	-18
512	95	130	-18
513	95	135	-18
514	100	5	-18
515	100	10	-18
516	100	15	-18
517	100	20	-18
518	100	25	-18
519	100	30	-18
520	100	35	-18
521	100	40	-18
522	100	45	-18
523	100	50	-18
524	100	55	-18
525	100	60	-18
526	100	65	-18
527	100	70	-18
528	100	75	-18
529	100	80	-18
530	100	85	-18
531	100	90	-18
532	100	95	-18
533	100	100	-18
534	100	105	-18
535	100	110	-18
536	100	115	-18
537	100	120	-18
538	100	125	-18
539	100	130	-18
540	100	135	-18
541	105	5	-18
542	105	10	-18
543	105	15	-18
544	105	20	-18
545	105	25	-18
546	105	30	-18
547	105	35	-18
548	105	40	-18
549	105	45	-18
550	105	50	-18
551	105	55	-18
552	105	60	-18
553	105	65	-18
554	105	70	-18
555	105	75	-18
556	105	80	-18
557	105	85	-18
558	105	90	-18
559	105	95	-18
560	105	100	-18
561	105	105	-18
562	105	110	-18
563	105	115	-18
564	105	120	-18
565	105	125	-18
566	105	130	-18
567	105	135	-18
568	110	5	-18
569	110	10	-18
570	110	15	-18
571	110	20	-18
572	110	25	-18
573	110	30	-18
574	110	35	-18
575	110	40	-18
576	110	45	-18
577	110	50	-18
578	110	55	-18
579	110	60	-18
580	110	65	-18
581	110	70	-18
582	110	75	-18
583	110	80	-18
584	110	85	-18
585	110	90	-18
586	110	95	-18
587	110	100	-18
588	110	105	-18
589	110	110	-18
590	110	115	-18
591	110	120	-18
592	110	125	-18
593	110	130	-18
594	110	135	-18
595	115	5	-18
596	115	10	-18
597	115	15	-18
598	115	20	-18
599	115	25	-18
600	115	30	-18
601	115	35	-18
602	115	40	-18
603	115	45	-18
604	115	50	-18
605	115	55	-18
606	115	60	-18
607	115	65	-18
608	115	70	-18
609	115	75	-18
610	115	80	-18
611	115	85	-18
612	115	90	-18
613	115	95	-18
614	115	100	-18
615	115	105	-18
616	115	110	-18
617	115	115	-18
618	115	120	-18
619	115	125	-18
620	115	130	-18
621	115	135	-18
622	120	5	-18
623	120	10	-18
624	120	15	-18
625	120	20	-18
626	120	25	-18
627	120	30	-18
628	120	35	-18
629	120	40	-18
630	120	45	-18
631	120	50	-18
632	120	55	-18
633	120	60	-18
634	120	65	-18
635	120	70	-18
636	120	75	-18
637	120	80	-18
638	120	85	-18
639	120	90	-18
640	120	95	-18
641	120	100	-18
642	120	105	-18
643	120	110	-18
644	120	115	-18
645	120	120	-18
646	120	125	-18
647	120	130	-18
648	120	135	-18
649	125	5	-18
650	125	10	-18
651	125	15	-18
652	125	20	-18
653	125	25	-18
654	125	30	-18
655	125	35	-18
656	125	40	-18
657	125	45	-18
658	125	50	-18
659	125	55	-18
660	125	60	-18
661	125	65	-18
662	125	70	-18
663	125	75	-18
664	125	80	-18
665	125	85	-18
666	125	90	-18
667	125	95	-18
668	125	100	-18
669	125	105	-18
670	125	110	-18
671	125	115	-18
672	125	120	-18
673	125	125	-18
674	125	130	-18
675	125	135	-18
676	130	5	-18
677	130	10	-18
678	130	15	-18
679	130	20	-18
680	130	25	-18
681	130	30	-18
682	130	35	-18
683	130	40	-18
684	130	45	-18
685	130	50	-18
686	130	55	-18
687	130	60	-18
688	130	65	-18
689	130	70	-18
690	130	75	-18
691	130	80	-18
692	130	85	-18
693	130	90	-18
694	130	95	-18
695	130	100	-18
696	130	105	-18
697	130	110	-18
698	130	115	-18
699	130	120	-18
700	130	125	-18
701	130	130	-18
702	130	135	-18
703	135	5	-18
704	135	10	-18
705	135	15	-18
706	135	20	-18
707	135	25	-18
708	135	30	-18
709	135	35	-18
710	135	40	-18
711	135	45	-18
712	135	50	-18
713	135	55	-18
714	135	60	-18
715	135	65	-18
716	135	70	-18
717	135	75	-18
718	135	80	-18
719	135	85	-18
720	135	90	-18
721	135	95	-18
722	135	100	-18
723	135	105	-18
724	135	110	-18
725	135	115	-18
726	135	120	-18
727	135	125	-18
728	135	130	-18
729	135	135	-18
