1	5	5	-18
2	5	10	-18
3	5	15	-18
4	5	20	-18
5	5	25	-18
6	5	30	-18
7	5	35	-18
8	5	40	-18
9	5	45	-18
10	5	50	-18
11	5	55	-18
12	5	60	-18
13	5	65	-18
14	5	70	-18
15	5	75	-18
16	5	80	-18
17	5	85	-18
18	5	90	-18
19	5	95	-18
20	5	100	-18
21	5	105	-18
22	5	110	-18
23	5	115	-18
24	5	120	-18
25	5	125	-18
26	5	130	-18
27	5	135	-18
28	10	5	-18
29	10	10	-18
30	10	15	-18
31	10	20	-18
32	10	25	-18
33	10	30	-18
34	10	35	-18
35	10	40	-18
36	10	45	-18
37	10	50	-18
38	10	55	-18
39	10	60	-18
40	10	65	-18
41	10	70	-18
42	10	75	-18
43	10	80	-18
44	10	85	-18
45	10	90	-18
46	10	95	-18
47	10	100	-18
48	10	105	-18
49	10	110	-18
50	10	115	-18
51	10	120	-18
52	10	125	-18
53	10	130	-18
54	10	135	-18
55	15	5	-18
56	15	10	-18
57	15	15	-18
58	15	20	-18
59	15	25	-18
60	15	30	-18
61	15	35	-18
62	15	40	-18
63	15	45	-18
64	15	50	-18
65	15	55	-18
66	15	60	-18
67	15	65	-18
68	15	70	-18
69	15	75	-18
70	15	80	-18
71	15	85	-18
72	15	90	-18
73	15	95	-18
74	15	100	-18
75	15	105	-18
76	15	110	-18
77	15	115	-18
78	15	120	-18
79	15	125	-18
80	15	130	-18
81	15	135	-18
82	20	5	-18
83	20	10	-18
84	20	15	-18
85	20	20	-18
86	20	25	-18
87	20	30	-18
88	20	35	-18
89	20	40	-18
90	20	45	-18
91	20	50	-18
92	20	55	-18
93	20	60	-18
94	20	65	-18
95	20	70	-18
96	20	75	-18
97	20	80	-18
98	20	85	-18
99	20	90	-18
100	20	95	-18
101	20	100	-18
102	20	105	-18
103	20	110	-18
104	20	115	-18
105	20	120	-18
106	20	125	-18
107	20	130	-18
108	20	135	-18
109	25	5	-18
110	25	10	-18
111	25	15	-18
112	25	20	-18
113	25	25	-18
114	25	30	-18
115	25	35	-18
116	25	40	-18
117	25	45	-18
118	25	50	-18
119	25	55	-18
120	25	60	-18
121	25	65	-18
122	25	70	-18
123	25	75	-18
124	25	80	-18
125	25	85	-18
126	25	90	-18
127	25	95	-18
128	25	100	-18
129	25	105	-18
130	25	110	-18
131	25	115	-18
132	25	120	-18
133	25	125	-18
134	25	130	-18
135	25	135	-18
136	30	5	-18
137	30	10	-18
138	30	15	-18
139	30	20	-18
140	30	25	-18
141	30	30	-18
142	30	35	-18
143	30	40	-18
144	30	45	-18
145	30	50	-18
146	30	55	-18
147	30	60	-18
148	30	65	-18
149	30	70	-18
150	30	75	-18
151	30	80	-18
152	30	85	-18
153	30	90	-18
154	30	95	-18
155	30	100	-18
156	30	105	-18
157	30	110	-18
158	30	115	-18
159	30	120	-18
160	30	125	-18
161	30	130	-18
162	30	135	-18
163	35	5	-18
164	35	10	-18
165	35	15	-18
166	35	20	-18
167	35	25	-18
168	35	30	-18
169	35	35	-18
170	35	40	-18
171	35	45	-18
172	35	50	-18
173	35	55	-18
174	35	60	-18
175	35	65	-18
176	35	70	-18
177	35	75	-18
178	35	80	-18
179	35	85	-18
180	35	90	-18
181	35	95	-18
182	35	100	-18
183	35	105	-18
184	35	110	-18
185	35	115	-18
186	35	120	-18
187	35	125	-18
188	35	130	-18
189	35	135	-18
190	40	5	-18
191	40	10	-18
192	40	15	-18
193	40	20	-18
194	40	25	-18
195	40	30	-18
196	40	35	-18
197	40	40	-18
198	40	45	-18
199	40	50	-18
200	40	55	-18
201	40	60	-18
202	40	65	-18
203	40	70	-18
204	40	75	-18
205	40	80	-18
206	40	85	-18
207	40	90	-18
208	40	95	-18
209	40	100	-18
210	40	105	-18
211	40	110	-18
212	40	115	-18
213	40	120	-18
214	40	125	-18
215	40	130	-18
216	40	135	-18
217	45	5	-18
218	45	10	-18
219	45	15	-18
220	45	20	-18
221	45	25	-18
222	45	30	-18
223	45	35	-18
224	45	40	-18
225	45	45	-18
226	45	50	-18
227	45	55	-18
228	45	60	-18
229	45	65	-18
230	45	70	-18
231	45	75	-18
232	45	80	-18
233	45	85	-18
234	45	90	-18
235	45	95	-18
236	45	100	-18
237	45	105	-18
238	45	110	-18
239	45	115	-18
240	45	120	-18
241	45	125	-18
242	45	130	-18
243	45	135	-18
244	50	5	-18
245	50	10	-18
246	50	15	-18
247	50	20	-18
248	50	25	-18
249	50	30	-18
250	50	35	-18
251	50	40	-18
252	50	45	-18
253	50	50	-18
254	50	55	-18
255	50	60	-18
256	50	65	-18
257	50	70	-18
258	50	75	-18
259	50	80	-18
260	50	85	-18
261	50	90	-18
262	50	95	-18
263	50	100	-18
264	50	105	-18
265	50	110	-18
266	50	115	-18
267	50	120	-18
268	50	125	-18
269	50	130	-18
270	50	135	-18
271	55	5	-18
272	55	10	-18
273	55	15	-18
274	55	20	-18
275	55	25	-18
276	55	30	-18
277	55	35	-18
278	55	40	-18
279	55	45	-18
280	55	50	-18
281	55	55	-18
282	55	60	-18
283	55	65	-18
284	55	70	-18
285	55	75	-18
286	55	80	-18
287	55	85	-18
288	55	90	-18
289	55	95	-18
290	55	100	-18
291	55	105	-18
292	55	110	-18
293	55	115	-18
294	55	120	-18
295	55	125	-18
296	55	130	-18
297	55	135	-18
298	60	5	-18
299	60	10	-18
300	60	15	-18
301	60	20	-18
302	60	25	-18
303	60	30	-18
304	60	35	-18
305	60	40	-18
306	60	45	-18
307	60	50	-18
308	60	55	-18
309	60	60	-18
310	60	65	-18
311	60	70	-18
312	60	75	-18
313	60	80	-18
314	60	85	-18
315	60	90	-18
316	60	95	-18
317	60	100	-18
318	60	105	-18
319	60	110	-18
320	60	115	-18
321	60	120	-18
322	60	125	-18
323	60	130	-18
324	60	135	-18
325	65	5	-18
326	65	10	-18
327	65	15	-18
328	65	20	-18
329	65	25	-18
330	65	30	-18
331	65	35	-18
332	65	40	-18
333	65	45	-18
334	65	50	-18
335	65	55	-18
336	65	60	-18
337	65	65	-18
338	65	70	-18
339	65	75	-18
340	65	80	-18
341	65	85	-18
342	65	90	-18
343	65	95	-18
344	65	100	-18
345	65	105	-18
346	65	110	-18
347	65	115	-18
348	65	120	-18
349	65	125	-18
350	65	130	-18
351	65	135	-18
352	70	5	-18
353	70	10	-18
354	70	15	-18
355	70	20	-18
356	70	25	-18
357	70	30	-18
358	70	35	-18
359	70	40	-18
360	70	45	-18
361	70	50	-18
362	70	55	-18
363	70	60	-18
364	70	65	-18
365	70	70	-18
366	70	75	-18
367	70	80	-18
368	70	85	-18
369	70	90	-18
370	70	95	-18
371	70	100	-18
372	70	105	-18
373	70	110	-18
374	70	115	-18
375	70	120	-18
376	70	125	-18
377	70	130	-18
378	70	135	-18
379	75	5	-18
380	75	10	-18
381	75	15	-18
382	75	20	-18
383	75	25	-18
384	75	30	-18
385	75	35	-18
386	75	40	-18
387	75	45	-18
388	75	50	-18
389	75	55	-18
390	75	60	-18
391	75	65	-18
392	75	70	-18
393	75	75	-18
394	75	80	-18
395	75	85	-18
396	75	90	-18
397	75	95	-18
398	75	100	-18
399	75	105	-18
400	75	110	-18
401	75	115	-18
402	75	120	-18
403	75	125	-18
404	75	130	-18
405	75	135	-18
406	80	5	-18
407	80	10	-18
408	80	15	-18
409	80	20	-18
410	80	25	-18
411	80	30	-18
412	80	35	-18
413	80	40	-18
414	80	45	-18
415	80	50	-18
416	80	55	-18
417	80	60	-18
418	80	65	-18
419	80	70	-18
420	80	75	-18
421	80	80	-18
422	80	85	-18
423	80	90	-18
424	80	95	-18
425	80	100	-18
426	80	105	-18
427	80	110	-18
428	80	115	-18
429	80	120	-18
430	80	125	-18
431	80	130	-18
432	80	135	-18
433	85	5	-18
434	85	10	-18
435	85	15	-18
436	85	20	-18
437	85	25	-18
438	85	30	-18
439	85	35	-18
440	85	40	-18
441	85	45	-18
442	85	50	-18
443	85	55	-18
444	85	60	-18
445	85	65	-18
446	85	70	-18
447	85	75	-18
448	85	80	-18
449	85	85	-18
450	85	90	-18
451	85	95	-18
452	85	100	-18
453	85	105	-18
454	85	110	-18
455	85	115	-18
456	85	120	-18
457	85	125	-18
458	85	130	-18
459	85	135	-18
460	90	5	-18
461	90	10	-18
462	90	15	-18
463	90	20	-18
464	90	25	-18
465	90	30	-18
466	90	35	-18
467	90	40	-18
468	90	45	-18
469	90	50	-18
470	90	55	-18
471	90	60	-18
472	90	65	-18
473	90	70	-18
474	90	75	-18
475	90	80	-18
476	90	85	-18
477	90	90	-18
478	90	95	-18
479	90	100	-18
480	90	105	-18
481	90	110	-18
482	90	115	-18
483	90	120	-18
484	90	125	-18
485	90	130	-18
486	90	135	-18
487	95	5	-18
488	95	10	-18
489	95	15	-18
490	95	20	-18
491	95	25	-18
492	95	30	-18
493	95	35	-18
494	95	40	-18
495	95	45	-18
496	95	50	-18
497	95	55	-18
498	95	60	-18
499	95	65	-18
500	95	70	-18
501	95	75	-18
502	95	80	-18
503	95	85	-18
504	95	90	-18
505	95	95	-18
506	95	100	-18
507	95	105	-18
508	95	110	-18
509	95	115	-18
510	95	120	-18
511	95	125	-18
512	95	130	-18
513	95	135	-18
514	100	5	-18
515	100	10	-18
516	100	15	-18
517	100	20	-18
518	100	25	-18
519	100	30	-18
520	100	35	-18
521	100	40	-18
522	100	45	-18
523	100	50	-18
524	100	55	-18
525	100	60	-18
526	100	65	-18
527	100	70	-18
528	100	75	-18
529	100	80	-18
530	100	85	-18
531	100	90	-18
532	100	95	-18
533	100	100	-18
534	100	105	-18
535	100	110	-18
536	100	115	-18
537	100	120	-18
538	100	125	-18
539	100	130	-18
540	100	135	-18
541	105	5	-18
542	105	10	-18
543	105	15	-18
544	105	20	-18
545	105	25	-18
546	105	30	-18
547	105	35	-18
548	105	40	-18
549	105	45	-18
550	105	50	-18
551	105	55	-18
552	105	60	-18
553	105	65	-18
554	105	70	-18
555	105	75	-18
556	105	80	-18
557	105	85	-18
558	105	90	-18
559	105	95	-18
560	105	100	-18
561	105	105	-18
562	105	110	-18
563	105	115	-18
564	105	120	-18
565	105	125	-18
566	105	130	-18
567	105	135	-18
568	110	5	-18
569	110	10	-18
570	110	15	-18
571	110	20	-18
572	110	25	-18
573	110	30	-18
574	110	35	-18
575	110	40	-18
576	110	45	-18
577	110	50	-18
578	110	55	-18
579	110	60	-18
580	110	65	-18
581	110	70	-18
582	110	75	-18
583	110	80	-18
584	110	85	-18
585	110	90	-18
586	110	95	-18
587	110	100	-18
588	110	105	-18
589	110	110	-18
590	110	115	-18
591	110	120	-18
592	110	125	-18
593	110	130	-18
594	110	135	-18
595	115	5	-18
596	115	10	-18
597	115	15	-18
598	115	20	-18
599	115	25	-18
600	115	30	-18
601	115	35	-18
602	115	40	-18
603	115	45	-18
604	115	50	-18
605	115	55	-18
606	115	60	-18
607	115	65	-18
608	115	70	-18
609	115	75	-18
610	115	80	-18
611	115	85	-18
612	115	90	-18
613	115	95	-18
614	115	100	-18
615	115	105	-18
616	115	110	-18
617	115	115	-18
618	115	120	-18
619	115	125	-18
620	115	130	-18
621	115	135	-18
622	120	5	-18
623	120	10	-18
624	120	15	-18
625	120	20	-18
626	120	25	-18
627	120	30	-18
628	120	35	-18
629	120	40	-18
630	120	45	-18
631	120	50	-18
632	120	55	-18
633	120	60	-18
634	120	65	-18
635	120	70	-18
636	120	75	-18
637	120	80	-18
638	120	85	-18
639	120	90	-18
640	120	95	-18
641	120	100	-18
642	120	105	-18
643	120	110	-18
644	120	115	-18
645	120	120	-18
646	120	125	-18
647	120	130	-18
648	120	135	-18
649	125	5	-18
650	125	10	-18
651	125	15	-18
652	125	20	-18
653	125	25	-18
654	125	30	-18
655	125	35	-18
656	125	40	-18
657	125	45	-18
658	125	50	-18
659	125	55	-18
660	125	60	-18
661	125	65	-18
662	125	70	-18
663	125	75	-18
664	125	80	-18
665	125	85	-18
666	125	90	-18
667	125	95	-18
668	125	100	-18
669	125	105	-18
670	125	110	-18
671	125	115	-18
672	125	120	-18
673	125	125	-18
674	125	130	-18
675	125	135	-18
676	130	5	-18
677	130	10	-18
678	130	15	-18
679	130	20	-18
680	130	25	-18
681	130	30	-18
682	130	35	-18
683	130	40	-18
684	130	45	-18
685	130	50	-18
686	130	55	-18
687	130	60	-18
688	130	65	-18
689	130	70	-18
690	130	75	-18
691	130	80	-18
692	130	85	-18
693	130	90	-18
694	130	95	-18
695	130	100	-18
696	130	105	-18
697	130	110	-18
698	130	115	-18
699	130	120	-18
700	130	125	-18
701	130	130	-18
702	130	135	-18
703	135	5	-18
704	135	10	-18
705	135	15	-18
706	135	20	-18
707	135	25	-18
708	135	30	-18
709	135	35	-18
710	135	40	-18
711	135	45	-18
712	135	50	-18
713	135	55	-18
714	135	60	-18
715	135	65	-18
716	135	70	-18
717	135	75	-18
718	135	80	-18
719	135	85	-18
720	135	90	-18
721	135	95	-18
722	135	100	-18
723	135	105	-18
724	135	110	-18
725	135	115	-18
726	135	120	-18
727	135	125	-18
728	135	130	-18
729	135	135	-18
1001	5	5	-68
1002	5	10	-68
1003	5	15	-68
1004	5	20	-68
1005	5	25	-68
1006	5	30	-68
1007	5	35	-68
1008	5	40	-68
1009	5	45	-68
1010	5	50	-68
1011	5	55	-68
1012	5	60	-68
1013	5	65	-68
1014	5	70	-68
1015	5	75	-68
1016	5	80	-68
1017	5	85	-68
1018	5	90	-68
1019	5	95	-68
1020	5	100	-68
1021	5	105	-68
1022	5	110	-68
1023	5	115	-68
1024	5	120	-68
1025	5	125	-68
1026	5	130	-68
1027	5	135	-68
1028	10	5	-68
1029	10	10	-68
1030	10	15	-68
1031	10	20	-68
1032	10	25	-68
1033	10	30	-68
1034	10	35	-68
1035	10	40	-68
1036	10	45	-68
1037	10	50	-68
1038	10	55	-68
1039	10	60	-68
1040	10	65	-68
1041	10	70	-68
1042	10	75	-68
1043	10	80	-68
1044	10	85	-68
1045	10	90	-68
1046	10	95	-68
1047	10	100	-68
1048	10	105	-68
1049	10	110	-68
1050	10	115	-68
1051	10	120	-68
1052	10	125	-68
1053	10	130	-68
1054	10	135	-68
1055	15	5	-68
1056	15	10	-68
1057	15	15	-68
1058	15	20	-68
1059	15	25	-68
1060	15	30	-68
1061	15	35	-68
1062	15	40	-68
1063	15	45	-68
1064	15	50	-68
1065	15	55	-68
1066	15	60	-68
1067	15	65	-68
1068	15	70	-68
1069	15	75	-68
1070	15	80	-68
1071	15	85	-68
1072	15	90	-68
1073	15	95	-68
1074	15	100	-68
1075	15	105	-68
1076	15	110	-68
1077	15	115	-68
1078	15	120	-68
1079	15	125	-68
1080	15	130	-68
1081	15	135	-68
1082	20	5	-68
1083	20	10	-68
1084	20	15	-68
1085	20	20	-68
1086	20	25	-68
1087	20	30	-68
1088	20	35	-68
1089	20	40	-68
1090	20	45	-68
1091	20	50	-68
1092	20	55	-68
1093	20	60	-68
1094	20	65	-68
1095	20	70	-68
1096	20	75	-68
1097	20	80	-68
1098	20	85	-68
1099	20	90	-68
1100	20	95	-68
1101	20	100	-68
1102	20	105	-68
1103	20	110	-68
1104	20	115	-68
1105	20	120	-68
1106	20	125	-68
1107	20	130	-68
1108	20	135	-68
1109	25	5	-68
1110	25	10	-68
1111	25	15	-68
1112	25	20	-68
1113	25	25	-68
1114	25	30	-68
1115	25	35	-68
1116	25	40	-68
1117	25	45	-68
1118	25	50	-68
1119	25	55	-68
1120	25	60	-68
1121	25	65	-68
1122	25	70	-68
1123	25	75	-68
1124	25	80	-68
1125	25	85	-68
1126	25	90	-68
1127	25	95	-68
1128	25	100	-68
1129	25	105	-68
1130	25	110	-68
1131	25	115	-68
1132	25	120	-68
1133	25	125	-68
1134	25	130	-68
1135	25	135	-68
1136	30	5	-68
1137	30	10	-68
1138	30	15	-68
1139	30	20	-68
1140	30	25	-68
1141	30	30	-68
1142	30	35	-68
1143	30	40	-68
1144	30	45	-68
1145	30	50	-68
1146	30	55	-68
1147	30	60	-68
1148	30	65	-68
1149	30	70	-68
1150	30	75	-68
1151	30	80	-68
1152	30	85	-68
1153	30	90	-68
1154	30	95	-68
1155	30	100	-68
1156	30	105	-68
1157	30	110	-68
1158	30	115	-68
1159	30	120	-68
1160	30	125	-68
1161	30	130	-68
1162	30	135	-68
1163	35	5	-68
1164	35	10	-68
1165	35	15	-68
1166	35	20	-68
1167	35	25	-68
1168	35	30	-68
1169	35	35	-68
1170	35	40	-68
1171	35	45	-68
1172	35	50	-68
1173	35	55	-68
1174	35	60	-68
1175	35	65	-68
1176	35	70	-68
1177	35	75	-68
1178	35	80	-68
1179	35	85	-68
1180	35	90	-68
1181	35	95	-68
1182	35	100	-68
1183	35	105	-68
1184	35	110	-68
1185	35	115	-68
1186	35	120	-68
1187	35	125	-68
1188	35	130	-68
1189	35	135	-68
1190	40	5	-68
1191	40	10	-68
1192	40	15	-68
1193	40	20	-68
1194	40	25	-68
1195	40	30	-68
1196	40	35	-68
1197	40	40	-68
1198	40	45	-68
1199	40	50	-68
1200	40	55	-68
1201	40	60	-68
1202	40	65	-68
1203	40	70	-68
1204	40	75	-68
1205	40	80	-68
1206	40	85	-68
1207	40	90	-68
1208	40	95	-68
1209	40	100	-68
1210	40	105	-68
1211	40	110	-68
1212	40	115	-68
1213	40	120	-68
1214	40	125	-68
1215	40	130	-68
1216	40	135	-68
1217	45	5	-68
1218	45	10	-68
1219	45	15	-68
1220	45	20	-68
1221	45	25	-68
1222	45	30	-68
1223	45	35	-68
1224	45	40	-68
1225	45	45	-68
1226	45	50	-68
1227	45	55	-68
1228	45	60	-68
1229	45	65	-68
1230	45	70	-68
1231	45	75	-68
1232	45	80	-68
1233	45	85	-68
1234	45	90	-68
1235	45	95	-68
1236	45	100	-68
1237	45	105	-68
1238	45	110	-68
1239	45	115	-68
1240	45	120	-68
1241	45	125	-68
1242	45	130	-68
1243	45	135	-68
1244	50	5	-68
1245	50	10	-68
1246	50	15	-68
1247	50	20	-68
1248	50	25	-68
1249	50	30	-68
1250	50	35	-68
1251	50	40	-68
1252	50	45	-68
1253	50	50	-68
1254	50	55	-68
1255	50	60	-68
1256	50	65	-68
1257	50	70	-68
1258	50	75	-68
1259	50	80	-68
1260	50	85	-68
1261	50	90	-68
1262	50	95	-68
1263	50	100	-68
1264	50	105	-68
1265	50	110	-68
1266	50	115	-68
1267	50	120	-68
1268	50	125	-68
1269	50	130	-68
1270	50	135	-68
1271	55	5	-68
1272	55	10	-68
1273	55	15	-68
1274	55	20	-68
1275	55	25	-68
1276	55	30	-68
1277	55	35	-68
1278	55	40	-68
1279	55	45	-68
1280	55	50	-68
1281	55	55	-68
1282	55	60	-68
1283	55	65	-68
1284	55	70	-68
1285	55	75	-68
1286	55	80	-68
1287	55	85	-68
1288	55	90	-68
1289	55	95	-68
1290	55	100	-68
1291	55	105	-68
1292	55	110	-68
1293	55	115	-68
1294	55	120	-68
1295	55	125	-68
1296	55	130	-68
1297	55	135	-68
1298	60	5	-68
1299	60	10	-68
1300	60	15	-68
1301	60	20	-68
1302	60	25	-68
1303	60	30	-68
1304	60	35	-68
1305	60	40	-68
1306	60	45	-68
1307	60	50	-68
1308	60	55	-68
1309	60	60	-68
1310	60	65	-68
1311	60	70	-68
1312	60	75	-68
1313	60	80	-68
1314	60	85	-68
1315	60	90	-68
1316	60	95	-68
1317	60	100	-68
1318	60	105	-68
1319	60	110	-68
1320	60	115	-68
1321	60	120	-68
1322	60	125	-68
1323	60	130	-68
1324	60	135	-68
1325	65	5	-68
1326	65	10	-68
1327	65	15	-68
1328	65	20	-68
1329	65	25	-68
1330	65	30	-68
1331	65	35	-68
1332	65	40	-68
1333	65	45	-68
1334	65	50	-68
1335	65	55	-68
1336	65	60	-68
1337	65	65	-68
1338	65	70	-68
1339	65	75	-68
1340	65	80	-68
1341	65	85	-68
1342	65	90	-68
1343	65	95	-68
1344	65	100	-68
1345	65	105	-68
1346	65	110	-68
1347	65	115	-68
1348	65	120	-68
1349	65	125	-68
1350	65	130	-68
1351	65	135	-68
1352	70	5	-68
1353	70	10	-68
1354	70	15	-68
1355	70	20	-68
1356	70	25	-68
1357	70	30	-68
1358	70	35	-68
1359	70	40	-68
1360	70	45	-68
1361	70	50	-68
1362	70	55	-68
1363	70	60	-68
1364	70	65	-68
1365	70	70	-68
1366	70	75	-68
1367	70	80	-68
1368	70	85	-68
1369	70	90	-68
1370	70	95	-68
1371	70	100	-68
1372	70	105	-68
1373	70	110	-68
1374	70	115	-68
1375	70	120	-68
1376	70	125	-68
1377	70	130	-68
1378	70	135	-68
1379	75	5	-68
1380	75	10	-68
1381	75	15	-68
1382	75	20	-68
1383	75	25	-68
1384	75	30	-68
1385	75	35	-68
1386	75	40	-68
1387	75	45	-68
1388	75	50	-68
1389	75	55	-68
1390	75	60	-68
1391	75	65	-68
1392	75	70	-68
1393	75	75	-68
1394	75	80	-68
1395	75	85	-68
1396	75	90	-68
1397	75	95	-68
1398	75	100	-68
1399	75	105	-68
1400	75	110	-68
1401	75	115	-68
1402	75	120	-68
1403	75	125	-68
1404	75	130	-68
1405	75	135	-68
1406	80	5	-68
1407	80	10	-68
1408	80	15	-68
1409	80	20	-68
1410	80	25	-68
1411	80	30	-68
1412	80	35	-68
1413	80	40	-68
1414	80	45	-68
1415	80	50	-68
1416	80	55	-68
1417	80	60	-68
1418	80	65	-68
1419	80	70	-68
1420	80	75	-68
1421	80	80	-68
1422	80	85	-68
1423	80	90	-68
1424	80	95	-68
1425	80	100	-68
1426	80	105	-68
1427	80	110	-68
1428	80	115	-68
1429	80	120	-68
1430	80	125	-68
1431	80	130	-68
1432	80	135	-68
1433	85	5	-68
1434	85	10	-68
1435	85	15	-68
1436	85	20	-68
1437	85	25	-68
1438	85	30	-68
1439	85	35	-68
1440	85	40	-68
1441	85	45	-68
1442	85	50	-68
1443	85	55	-68
1444	85	60	-68
1445	85	65	-68
1446	85	70	-68
1447	85	75	-68
1448	85	80	-68
1449	85	85	-68
1450	85	90	-68
1451	85	95	-68
1452	85	100	-68
1453	85	105	-68
1454	85	110	-68
1455	85	115	-68
1456	85	120	-68
1457	85	125	-68
1458	85	130	-68
1459	85	135	-68
1460	90	5	-68
1461	90	10	-68
1462	90	15	-68
1463	90	20	-68
1464	90	25	-68
1465	90	30	-68
1466	90	35	-68
1467	90	40	-68
1468	90	45	-68
1469	90	50	-68
1470	90	55	-68
1471	90	60	-68
1472	90	65	-68
1473	90	70	-68
1474	90	75	-68
1475	90	80	-68
1476	90	85	-68
1477	90	90	-68
1478	90	95	-68
1479	90	100	-68
1480	90	105	-68
1481	90	110	-68
1482	90	115	-68
1483	90	120	-68
1484	90	125	-68
1485	90	130	-68
1486	90	135	-68
1487	95	5	-68
1488	95	10	-68
1489	95	15	-68
1490	95	20	-68
1491	95	25	-68
1492	95	30	-68
1493	95	35	-68
1494	95	40	-68
1495	95	45	-68
1496	95	50	-68
1497	95	55	-68
1498	95	60	-68
1499	95	65	-68
1500	95	70	-68
1501	95	75	-68
1502	95	80	-68
1503	95	85	-68
1504	95	90	-68
1505	95	95	-68
1506	95	100	-68
1507	95	105	-68
1508	95	110	-68
1509	95	115	-68
1510	95	120	-68
1511	95	125	-68
1512	95	130	-68
1513	95	135	-68
1514	100	5	-68
1515	100	10	-68
1516	100	15	-68
1517	100	20	-68
1518	100	25	-68
1519	100	30	-68
1520	100	35	-68
1521	100	40	-68
1522	100	45	-68
1523	100	50	-68
1524	100	55	-68
1525	100	60	-68
1526	100	65	-68
1527	100	70	-68
1528	100	75	-68
1529	100	80	-68
1530	100	85	-68
1531	100	90	-68
1532	100	95	-68
1533	100	100	-68
1534	100	105	-68
1535	100	110	-68
1536	100	115	-68
1537	100	120	-68
1538	100	125	-68
1539	100	130	-68
1540	100	135	-68
1541	105	5	-68
1542	105	10	-68
1543	105	15	-68
1544	105	20	-68
1545	105	25	-68
1546	105	30	-68
1547	105	35	-68
1548	105	40	-68
1549	105	45	-68
1550	105	50	-68
1551	105	55	-68
1552	105	60	-68
1553	105	65	-68
1554	105	70	-68
1555	105	75	-68
1556	105	80	-68
1557	105	85	-68
1558	105	90	-68
1559	105	95	-68
1560	105	100	-68
1561	105	105	-68
1562	105	110	-68
1563	105	115	-68
1564	105	120	-68
1565	105	125	-68
1566	105	130	-68
1567	105	135	-68
1568	110	5	-68
1569	110	10	-68
1570	110	15	-68
1571	110	20	-68
1572	110	25	-68
1573	110	30	-68
1574	110	35	-68
1575	110	40	-68
1576	110	45	-68
1577	110	50	-68
1578	110	55	-68
1579	110	60	-68
1580	110	65	-68
1581	110	70	-68
1582	110	75	-68
1583	110	80	-68
1584	110	85	-68
1585	110	90	-68
1586	110	95	-68
1587	110	100	-68
1588	110	105	-68
1589	110	110	-68
1590	110	115	-68
1591	110	120	-68
1592	110	125	-68
1593	110	130	-68
1594	110	135	-68
1595	115	5	-68
1596	115	10	-68
1597	115	15	-68
1598	115	20	-68
1599	115	25	-68
1600	115	30	-68
1601	115	35	-68
1602	115	40	-68
1603	115	45	-68
1604	115	50	-68
1605	115	55	-68
1606	115	60	-68
1607	115	65	-68
1608	115	70	-68
1609	115	75	-68
1610	115	80	-68
1611	115	85	-68
1612	115	90	-68
1613	115	95	-68
1614	115	100	-68
1615	115	105	-68
1616	115	110	-68
1617	115	115	-68
1618	115	120	-68
1619	115	125	-68
1620	115	130	-68
1621	115	135	-68
1622	120	5	-68
1623	120	10	-68
1624	120	15	-68
1625	120	20	-68
1626	120	25	-68
1627	120	30	-68
1628	120	35	-68
1629	120	40	-68
1630	120	45	-68
1631	120	50	-68
1632	120	55	-68
1633	120	60	-68
1634	120	65	-68
1635	120	70	-68
1636	120	75	-68
1637	120	80	-68
1638	120	85	-68
1639	120	90	-68
1640	120	95	-68
1641	120	100	-68
1642	120	105	-68
1643	120	110	-68
1644	120	115	-68
1645	120	120	-68
1646	120	125	-68
1647	120	130	-68
1648	120	135	-68
1649	125	5	-68
1650	125	10	-68
1651	125	15	-68
1652	125	20	-68
1653	125	25	-68
1654	125	30	-68
1655	125	35	-68
1656	125	40	-68
1657	125	45	-68
1658	125	50	-68
1659	125	55	-68
1660	125	60	-68
1661	125	65	-68
1662	125	70	-68
1663	125	75	-68
1664	125	80	-68
1665	125	85	-68
1666	125	90	-68
1667	125	95	-68
1668	125	100	-68
1669	125	105	-68
1670	125	110	-68
1671	125	115	-68
1672	125	120	-68
1673	125	125	-68
1674	125	130	-68
1675	125	135	-68
1676	130	5	-68
1677	130	10	-68
1678	130	15	-68
1679	130	20	-68
1680	130	25	-68
1681	130	30	-68
1682	130	35	-68
1683	130	40	-68
1684	130	45	-68
1685	130	50	-68
1686	130	55	-68
1687	130	60	-68
1688	130	65	-68
1689	130	70	-68
1690	130	75	-68
1691	130	80	-68
1692	130	85	-68
1693	130	90	-68
1694	130	95	-68
1695	130	100	-68
1696	130	105	-68
1697	130	110	-68
1698	130	115	-68
1699	130	120	-68
1700	130	125	-68
1701	130	130	-68
1702	130	135	-68
1703	135	5	-68
1704	135	10	-68
1705	135	15	-68
1706	135	20	-68
1707	135	25	-68
1708	135	30	-68
1709	135	35	-68
1710	135	40	-68
1711	135	45	-68
1712	135	50	-68
1713	135	55	-68
1714	135	60	-68
1715	135	65	-68
1716	135	70	-68
1717	135	75	-68
1718	135	80	-68
1719	135	85	-68
1720	135	90	-68
1721	135	95	-68
1722	135	100	-68
1723	135	105	-68
1724	135	110	-68
1725	135	115	-68
1726	135	120	-68
1727	135	125	-68
1728	135	130	-68
1729	135	135	-68
2001	5	5	-118
2002	5	10	-118
2003	5	15	-118
2004	5	20	-118
2005	5	25	-118
2006	5	30	-118
2007	5	35	-118
2008	5	40	-118
2009	5	45	-118
2010	5	50	-118
2011	5	55	-118
2012	5	60	-118
2013	5	65	-118
2014	5	70	-118
2015	5	75	-118
2016	5	80	-118
2017	5	85	-118
2018	5	90	-118
2019	5	95	-118
2020	5	100	-118
2021	5	105	-118
2022	5	110	-118
2023	5	115	-118
2024	5	120	-118
2025	5	125	-118
2026	5	130	-118
2027	5	135	-118
2028	10	5	-118
2029	10	10	-118
2030	10	15	-118
2031	10	20	-118
2032	10	25	-118
2033	10	30	-118
2034	10	35	-118
2035	10	40	-118
2036	10	45	-118
2037	10	50	-118
2038	10	55	-118
2039	10	60	-118
2040	10	65	-118
2041	10	70	-118
2042	10	75	-118
2043	10	80	-118
2044	10	85	-118
2045	10	90	-118
2046	10	95	-118
2047	10	100	-118
2048	10	105	-118
2049	10	110	-118
2050	10	115	-118
2051	10	120	-118
2052	10	125	-118
2053	10	130	-118
2054	10	135	-118
2055	15	5	-118
2056	15	10	-118
2057	15	15	-118
2058	15	20	-118
2059	15	25	-118
2060	15	30	-118
2061	15	35	-118
2062	15	40	-118
2063	15	45	-118
2064	15	50	-118
2065	15	55	-118
2066	15	60	-118
2067	15	65	-118
2068	15	70	-118
2069	15	75	-118
2070	15	80	-118
2071	15	85	-118
2072	15	90	-118
2073	15	95	-118
2074	15	100	-118
2075	15	105	-118
2076	15	110	-118
2077	15	115	-118
2078	15	120	-118
2079	15	125	-118
2080	15	130	-118
2081	15	135	-118
2082	20	5	-118
2083	20	10	-118
2084	20	15	-118
2085	20	20	-118
2086	20	25	-118
2087	20	30	-118
2088	20	35	-118
2089	20	40	-118
2090	20	45	-118
2091	20	50	-118
2092	20	55	-118
2093	20	60	-118
2094	20	65	-118
2095	20	70	-118
2096	20	75	-118
2097	20	80	-118
2098	20	85	-118
2099	20	90	-118
2100	20	95	-118
2101	20	100	-118
2102	20	105	-118
2103	20	110	-118
2104	20	115	-118
2105	20	120	-118
2106	20	125	-118
2107	20	130	-118
2108	20	135	-118
2109	25	5	-118
2110	25	10	-118
2111	25	15	-118
2112	25	20	-118
2113	25	25	-118
2114	25	30	-118
2115	25	35	-118
2116	25	40	-118
2117	25	45	-118
2118	25	50	-118
2119	25	55	-118
2120	25	60	-118
2121	25	65	-118
2122	25	70	-118
2123	25	75	-118
2124	25	80	-118
2125	25	85	-118
2126	25	90	-118
2127	25	95	-118
2128	25	100	-118
2129	25	105	-118
2130	25	110	-118
2131	25	115	-118
2132	25	120	-118
2133	25	125	-118
2134	25	130	-118
2135	25	135	-118
2136	30	5	-118
2137	30	10	-118
2138	30	15	-118
2139	30	20	-118
2140	30	25	-118
2141	30	30	-118
2142	30	35	-118
2143	30	40	-118
2144	30	45	-118
2145	30	50	-118
2146	30	55	-118
2147	30	60	-118
2148	30	65	-118
2149	30	70	-118
2150	30	75	-118
2151	30	80	-118
2152	30	85	-118
2153	30	90	-118
2154	30	95	-118
2155	30	100	-118
2156	30	105	-118
2157	30	110	-118
2158	30	115	-118
2159	30	120	-118
2160	30	125	-118
2161	30	130	-118
2162	30	135	-118
2163	35	5	-118
2164	35	10	-118
2165	35	15	-118
2166	35	20	-118
2167	35	25	-118
2168	35	30	-118
2169	35	35	-118
2170	35	40	-118
2171	35	45	-118
2172	35	50	-118
2173	35	55	-118
2174	35	60	-118
2175	35	65	-118
2176	35	70	-118
2177	35	75	-118
2178	35	80	-118
2179	35	85	-118
2180	35	90	-118
2181	35	95	-118
2182	35	100	-118
2183	35	105	-118
2184	35	110	-118
2185	35	115	-118
2186	35	120	-118
2187	35	125	-118
2188	35	130	-118
2189	35	135	-118
2190	40	5	-118
2191	40	10	-118
2192	40	15	-118
2193	40	20	-118
2194	40	25	-118
2195	40	30	-118
2196	40	35	-118
2197	40	40	-118
2198	40	45	-118
2199	40	50	-118
2200	40	55	-118
2201	40	60	-118
2202	40	65	-118
2203	40	70	-118
2204	40	75	-118
2205	40	80	-118
2206	40	85	-118
2207	40	90	-118
2208	40	95	-118
2209	40	100	-118
2210	40	105	-118
2211	40	110	-118
2212	40	115	-118
2213	40	120	-118
2214	40	125	-118
2215	40	130	-118
2216	40	135	-118
2217	45	5	-118
2218	45	10	-118
2219	45	15	-118
2220	45	20	-118
2221	45	25	-118
2222	45	30	-118
2223	45	35	-118
2224	45	40	-118
2225	45	45	-118
2226	45	50	-118
2227	45	55	-118
2228	45	60	-118
2229	45	65	-118
2230	45	70	-118
2231	45	75	-118
2232	45	80	-118
2233	45	85	-118
2234	45	90	-118
2235	45	95	-118
2236	45	100	-118
2237	45	105	-118
2238	45	110	-118
2239	45	115	-118
2240	45	120	-118
2241	45	125	-118
2242	45	130	-118
2243	45	135	-118
2244	50	5	-118
2245	50	10	-118
2246	50	15	-118
2247	50	20	-118
2248	50	25	-118
2249	50	30	-118
2250	50	35	-118
2251	50	40	-118
2252	50	45	-118
2253	50	50	-118
2254	50	55	-118
2255	50	60	-118
2256	50	65	-118
2257	50	70	-118
2258	50	75	-118
2259	50	80	-118
2260	50	85	-118
2261	50	90	-118
2262	50	95	-118
2263	50	100	-118
2264	50	105	-118
2265	50	110	-118
2266	50	115	-118
2267	50	120	-118
2268	50	125	-118
2269	50	130	-118
2270	50	135	-118
2271	55	5	-118
2272	55	10	-118
2273	55	15	-118
2274	55	20	-118
2275	55	25	-118
2276	55	30	-118
2277	55	35	-118
2278	55	40	-118
2279	55	45	-118
2280	55	50	-118
2281	55	55	-118
2282	55	60	-118
2283	55	65	-118
2284	55	70	-118
2285	55	75	-118
2286	55	80	-118
2287	55	85	-118
2288	55	90	-118
2289	55	95	-118
2290	55	100	-118
2291	55	105	-118
2292	55	110	-118
2293	55	115	-118
2294	55	120	-118
2295	55	125	-118
2296	55	130	-118
2297	55	135	-118
2298	60	5	-118
2299	60	10	-118
2300	60	15	-118
2301	60	20	-118
2302	60	25	-118
2303	60	30	-118
2304	60	35	-118
2305	60	40	-118
2306	60	45	-118
2307	60	50	-118
2308	60	55	-118
2309	60	60	-118
2310	60	65	-118
2311	60	70	-118
2312	60	75	-118
2313	60	80	-118
2314	60	85	-118
2315	60	90	-118
2316	60	95	-118
2317	60	100	-118
2318	60	105	-118
2319	60	110	-118
2320	60	115	-118
2321	60	120	-118
2322	60	125	-118
2323	60	130	-118
2324	60	135	-118
2325	65	5	-118
2326	65	10	-118
2327	65	15	-118
2328	65	20	-118
2329	65	25	-118
2330	65	30	-118
2331	65	35	-118
2332	65	40	-118
2333	65	45	-118
2334	65	50	-118
2335	65	55	-118
2336	65	60	-118
2337	65	65	-118
2338	65	70	-118
2339	65	75	-118
2340	65	80	-118
2341	65	85	-118
2342	65	90	-118
2343	65	95	-118
2344	65	100	-118
2345	65	105	-118
2346	65	110	-118
2347	65	115	-118
2348	65	120	-118
2349	65	125	-118
2350	65	130	-118
2351	65	135	-118
2352	70	5	-118
2353	70	10	-118
2354	70	15	-118
2355	70	20	-118
2356	70	25	-118
2357	70	30	-118
2358	70	35	-118
2359	70	40	-118
2360	70	45	-118
2361	70	50	-118
2362	70	55	-118
2363	70	60	-118
2364	70	65	-118
2365	70	70	-118
2366	70	75	-118
2367	70	80	-118
2368	70	85	-118
2369	70	90	-118
2370	70	95	-118
2371	70	100	-118
2372	70	105	-118
2373	70	110	-118
2374	70	115	-118
2375	70	120	-118
2376	70	125	-118
2377	70	130	-118
2378	70	135	-118
2379	75	5	-118
2380	75	10	-118
2381	75	15	-118
2382	75	20	-118
2383	75	25	-118
2384	75	30	-118
2385	75	35	-118
2386	75	40	-118
2387	75	45	-118
2388	75	50	-118
2389	75	55	-118
2390	75	60	-118
2391	75	65	-118
2392	75	70	-118
2393	75	75	-118
2394	75	80	-118
2395	75	85	-118
2396	75	90	-118
2397	75	95	-118
2398	75	100	-118
2399	75	105	-118
2400	75	110	-118
2401	75	115	-118
2402	75	120	-118
2403	75	125	-118
2404	75	130	-118
2405	75	135	-118
2406	80	5	-118
2407	80	10	-118
2408	80	15	-118
2409	80	20	-118
2410	80	25	-118
2411	80	30	-118
2412	80	35	-118
2413	80	40	-118
2414	80	45	-118
2415	80	50	-118
2416	80	55	-118
2417	80	60	-118
2418	80	65	-118
2419	80	70	-118
2420	80	75	-118
2421	80	80	-118
2422	80	85	-118
2423	80	90	-118
2424	80	95	-118
2425	80	100	-118
2426	80	105	-118
2427	80	110	-118
2428	80	115	-118
2429	80	120	-118
2430	80	125	-118
2431	80	130	-118
2432	80	135	-118
2433	85	5	-118
2434	85	10	-118
2435	85	15	-118
2436	85	20	-118
2437	85	25	-118
2438	85	30	-118
2439	85	35	-118
2440	85	40	-118
2441	85	45	-118
2442	85	50	-118
2443	85	55	-118
2444	85	60	-118
2445	85	65	-118
2446	85	70	-118
2447	85	75	-118
2448	85	80	-118
2449	85	85	-118
2450	85	90	-118
2451	85	95	-118
2452	85	100	-118
2453	85	105	-118
2454	85	110	-118
2455	85	115	-118
2456	85	120	-118
2457	85	125	-118
2458	85	130	-118
2459	85	135	-118
2460	90	5	-118
2461	90	10	-118
2462	90	15	-118
2463	90	20	-118
2464	90	25	-118
2465	90	30	-118
2466	90	35	-118
2467	90	40	-118
2468	90	45	-118
2469	90	50	-118
2470	90	55	-118
2471	90	60	-118
2472	90	65	-118
2473	90	70	-118
2474	90	75	-118
2475	90	80	-118
2476	90	85	-118
2477	90	90	-118
2478	90	95	-118
2479	90	100	-118
2480	90	105	-118
2481	90	110	-118
2482	90	115	-118
2483	90	120	-118
2484	90	125	-118
2485	90	130	-118
2486	90	135	-118
2487	95	5	-118
2488	95	10	-118
2489	95	15	-118
2490	95	20	-118
2491	95	25	-118
2492	95	30	-118
2493	95	35	-118
2494	95	40	-118
2495	95	45	-118
2496	95	50	-118
2497	95	55	-118
2498	95	60	-118
2499	95	65	-118
2500	95	70	-118
2501	95	75	-118
2502	95	80	-118
2503	95	85	-118
2504	95	90	-118
2505	95	95	-118
2506	95	100	-118
2507	95	105	-118
2508	95	110	-118
2509	95	115	-118
2510	95	120	-118
2511	95	125	-118
2512	95	130	-118
2513	95	135	-118
2514	100	5	-118
2515	100	10	-118
2516	100	15	-118
2517	100	20	-118
2518	100	25	-118
2519	100	30	-118
2520	100	35	-118
2521	100	40	-118
2522	100	45	-118
2523	100	50	-118
2524	100	55	-118
2525	100	60	-118
2526	100	65	-118
2527	100	70	-118
2528	100	75	-118
2529	100	80	-118
2530	100	85	-118
2531	100	90	-118
2532	100	95	-118
2533	100	100	-118
2534	100	105	-118
2535	100	110	-118
2536	100	115	-118
2537	100	120	-118
2538	100	125	-118
2539	100	130	-118
2540	100	135	-118
2541	105	5	-118
2542	105	10	-118
2543	105	15	-118
2544	105	20	-118
2545	105	25	-118
2546	105	30	-118
2547	105	35	-118
2548	105	40	-118
2549	105	45	-118
2550	105	50	-118
2551	105	55	-118
2552	105	60	-118
2553	105	65	-118
2554	105	70	-118
2555	105	75	-118
2556	105	80	-118
2557	105	85	-118
2558	105	90	-118
2559	105	95	-118
2560	105	100	-118
2561	105	105	-118
2562	105	110	-118
2563	105	115	-118
2564	105	120	-118
2565	105	125	-118
2566	105	130	-118
2567	105	135	-118
2568	110	5	-118
2569	110	10	-118
2570	110	15	-118
2571	110	20	-118
2572	110	25	-118
2573	110	30	-118
2574	110	35	-118
2575	110	40	-118
2576	110	45	-118
2577	110	50	-118
2578	110	55	-118
2579	110	60	-118
2580	110	65	-118
2581	110	70	-118
2582	110	75	-118
2583	110	80	-118
2584	110	85	-118
2585	110	90	-118
2586	110	95	-118
2587	110	100	-118
2588	110	105	-118
2589	110	110	-118
2590	110	115	-118
2591	110	120	-118
2592	110	125	-118
2593	110	130	-118
2594	110	135	-118
2595	115	5	-118
2596	115	10	-118
2597	115	15	-118
2598	115	20	-118
2599	115	25	-118
2600	115	30	-118
2601	115	35	-118
2602	115	40	-118
2603	115	45	-118
2604	115	50	-118
2605	115	55	-118
2606	115	60	-118
2607	115	65	-118
2608	115	70	-118
2609	115	75	-118
2610	115	80	-118
2611	115	85	-118
2612	115	90	-118
2613	115	95	-118
2614	115	100	-118
2615	115	105	-118
2616	115	110	-118
2617	115	115	-118
2618	115	120	-118
2619	115	125	-118
2620	115	130	-118
2621	115	135	-118
2622	120	5	-118
2623	120	10	-118
2624	120	15	-118
2625	120	20	-118
2626	120	25	-118
2627	120	30	-118
2628	120	35	-118
2629	120	40	-118
2630	120	45	-118
2631	120	50	-118
2632	120	55	-118
2633	120	60	-118
2634	120	65	-118
2635	120	70	-118
2636	120	75	-118
2637	120	80	-118
2638	120	85	-118
2639	120	90	-118
2640	120	95	-118
2641	120	100	-118
2642	120	105	-118
2643	120	110	-118
2644	120	115	-118
2645	120	120	-118
2646	120	125	-118
2647	120	130	-118
2648	120	135	-118
2649	125	5	-118
2650	125	10	-118
2651	125	15	-118
2652	125	20	-118
2653	125	25	-118
2654	125	30	-118
2655	125	35	-118
2656	125	40	-118
2657	125	45	-118
2658	125	50	-118
2659	125	55	-118
2660	125	60	-118
2661	125	65	-118
2662	125	70	-118
2663	125	75	-118
2664	125	80	-118
2665	125	85	-118
2666	125	90	-118
2667	125	95	-118
2668	125	100	-118
2669	125	105	-118
2670	125	110	-118
2671	125	115	-118
2672	125	120	-118
2673	125	125	-118
2674	125	130	-118
2675	125	135	-118
2676	130	5	-118
2677	130	10	-118
2678	130	15	-118
2679	130	20	-118
2680	130	25	-118
2681	130	30	-118
2682	130	35	-118
2683	130	40	-118
2684	130	45	-118
2685	130	50	-118
2686	130	55	-118
2687	130	60	-118
2688	130	65	-118
2689	130	70	-118
2690	130	75	-118
2691	130	80	-118
2692	130	85	-118
2693	130	90	-118
2694	130	95	-118
2695	130	100	-118
2696	130	105	-118
2697	130	110	-118
2698	130	115	-118
2699	130	120	-118
2700	130	125	-118
2701	130	130	-118
2702	130	135	-118
2703	135	5	-118
2704	135	10	-118
2705	135	15	-118
2706	135	20	-118
2707	135	25	-118
2708	135	30	-118
2709	135	35	-118
2710	135	40	-118
2711	135	45	-118
2712	135	50	-118
2713	135	55	-118
2714	135	60	-118
2715	135	65	-118
2716	135	70	-118
2717	135	75	-118
2718	135	80	-118
2719	135	85	-118
2720	135	90	-118
2721	135	95	-118
2722	135	100	-118
2723	135	105	-118
2724	135	110	-118
2725	135	115	-118
2726	135	120	-118
2727	135	125	-118
2728	135	130	-118
2729	135	135	-118
3001	5	5	-168
3002	5	10	-168
3003	5	15	-168
3004	5	20	-168
3005	5	25	-168
3006	5	30	-168
3007	5	35	-168
3008	5	40	-168
3009	5	45	-168
3010	5	50	-168
3011	5	55	-168
3012	5	60	-168
3013	5	65	-168
3014	5	70	-168
3015	5	75	-168
3016	5	80	-168
3017	5	85	-168
3018	5	90	-168
3019	5	95	-168
3020	5	100	-168
3021	5	105	-168
3022	5	110	-168
3023	5	115	-168
3024	5	120	-168
3025	5	125	-168
3026	5	130	-168
3027	5	135	-168
3028	10	5	-168
3029	10	10	-168
3030	10	15	-168
3031	10	20	-168
3032	10	25	-168
3033	10	30	-168
3034	10	35	-168
3035	10	40	-168
3036	10	45	-168
3037	10	50	-168
3038	10	55	-168
3039	10	60	-168
3040	10	65	-168
3041	10	70	-168
3042	10	75	-168
3043	10	80	-168
3044	10	85	-168
3045	10	90	-168
3046	10	95	-168
3047	10	100	-168
3048	10	105	-168
3049	10	110	-168
3050	10	115	-168
3051	10	120	-168
3052	10	125	-168
3053	10	130	-168
3054	10	135	-168
3055	15	5	-168
3056	15	10	-168
3057	15	15	-168
3058	15	20	-168
3059	15	25	-168
3060	15	30	-168
3061	15	35	-168
3062	15	40	-168
3063	15	45	-168
3064	15	50	-168
3065	15	55	-168
3066	15	60	-168
3067	15	65	-168
3068	15	70	-168
3069	15	75	-168
3070	15	80	-168
3071	15	85	-168
3072	15	90	-168
3073	15	95	-168
3074	15	100	-168
3075	15	105	-168
3076	15	110	-168
3077	15	115	-168
3078	15	120	-168
3079	15	125	-168
3080	15	130	-168
3081	15	135	-168
3082	20	5	-168
3083	20	10	-168
3084	20	15	-168
3085	20	20	-168
3086	20	25	-168
3087	20	30	-168
3088	20	35	-168
3089	20	40	-168
3090	20	45	-168
3091	20	50	-168
3092	20	55	-168
3093	20	60	-168
3094	20	65	-168
3095	20	70	-168
3096	20	75	-168
3097	20	80	-168
3098	20	85	-168
3099	20	90	-168
3100	20	95	-168
3101	20	100	-168
3102	20	105	-168
3103	20	110	-168
3104	20	115	-168
3105	20	120	-168
3106	20	125	-168
3107	20	130	-168
3108	20	135	-168
3109	25	5	-168
3110	25	10	-168
3111	25	15	-168
3112	25	20	-168
3113	25	25	-168
3114	25	30	-168
3115	25	35	-168
3116	25	40	-168
3117	25	45	-168
3118	25	50	-168
3119	25	55	-168
3120	25	60	-168
3121	25	65	-168
3122	25	70	-168
3123	25	75	-168
3124	25	80	-168
3125	25	85	-168
3126	25	90	-168
3127	25	95	-168
3128	25	100	-168
3129	25	105	-168
3130	25	110	-168
3131	25	115	-168
3132	25	120	-168
3133	25	125	-168
3134	25	130	-168
3135	25	135	-168
3136	30	5	-168
3137	30	10	-168
3138	30	15	-168
3139	30	20	-168
3140	30	25	-168
3141	30	30	-168
3142	30	35	-168
3143	30	40	-168
3144	30	45	-168
3145	30	50	-168
3146	30	55	-168
3147	30	60	-168
3148	30	65	-168
3149	30	70	-168
3150	30	75	-168
3151	30	80	-168
3152	30	85	-168
3153	30	90	-168
3154	30	95	-168
3155	30	100	-168
3156	30	105	-168
3157	30	110	-168
3158	30	115	-168
3159	30	120	-168
3160	30	125	-168
3161	30	130	-168
3162	30	135	-168
3163	35	5	-168
3164	35	10	-168
3165	35	15	-168
3166	35	20	-168
3167	35	25	-168
3168	35	30	-168
3169	35	35	-168
3170	35	40	-168
3171	35	45	-168
3172	35	50	-168
3173	35	55	-168
3174	35	60	-168
3175	35	65	-168
3176	35	70	-168
3177	35	75	-168
3178	35	80	-168
3179	35	85	-168
3180	35	90	-168
3181	35	95	-168
3182	35	100	-168
3183	35	105	-168
3184	35	110	-168
3185	35	115	-168
3186	35	120	-168
3187	35	125	-168
3188	35	130	-168
3189	35	135	-168
3190	40	5	-168
3191	40	10	-168
3192	40	15	-168
3193	40	20	-168
3194	40	25	-168
3195	40	30	-168
3196	40	35	-168
3197	40	40	-168
3198	40	45	-168
3199	40	50	-168
3200	40	55	-168
3201	40	60	-168
3202	40	65	-168
3203	40	70	-168
3204	40	75	-168
3205	40	80	-168
3206	40	85	-168
3207	40	90	-168
3208	40	95	-168
3209	40	100	-168
3210	40	105	-168
3211	40	110	-168
3212	40	115	-168
3213	40	120	-168
3214	40	125	-168
3215	40	130	-168
3216	40	135	-168
3217	45	5	-168
3218	45	10	-168
3219	45	15	-168
3220	45	20	-168
3221	45	25	-168
3222	45	30	-168
3223	45	35	-168
3224	45	40	-168
3225	45	45	-168
3226	45	50	-168
3227	45	55	-168
3228	45	60	-168
3229	45	65	-168
3230	45	70	-168
3231	45	75	-168
3232	45	80	-168
3233	45	85	-168
3234	45	90	-168
3235	45	95	-168
3236	45	100	-168
3237	45	105	-168
3238	45	110	-168
3239	45	115	-168
3240	45	120	-168
3241	45	125	-168
3242	45	130	-168
3243	45	135	-168
3244	50	5	-168
3245	50	10	-168
3246	50	15	-168
3247	50	20	-168
3248	50	25	-168
3249	50	30	-168
3250	50	35	-168
3251	50	40	-168
3252	50	45	-168
3253	50	50	-168
3254	50	55	-168
3255	50	60	-168
3256	50	65	-168
3257	50	70	-168
3258	50	75	-168
3259	50	80	-168
3260	50	85	-168
3261	50	90	-168
3262	50	95	-168
3263	50	100	-168
3264	50	105	-168
3265	50	110	-168
3266	50	115	-168
3267	50	120	-168
3268	50	125	-168
3269	50	130	-168
3270	50	135	-168
3271	55	5	-168
3272	55	10	-168
3273	55	15	-168
3274	55	20	-168
3275	55	25	-168
3276	55	30	-168
3277	55	35	-168
3278	55	40	-168
3279	55	45	-168
3280	55	50	-168
3281	55	55	-168
3282	55	60	-168
3283	55	65	-168
3284	55	70	-168
3285	55	75	-168
3286	55	80	-168
3287	55	85	-168
3288	55	90	-168
3289	55	95	-168
3290	55	100	-168
3291	55	105	-168
3292	55	110	-168
3293	55	115	-168
3294	55	120	-168
3295	55	125	-168
3296	55	130	-168
3297	55	135	-168
3298	60	5	-168
3299	60	10	-168
3300	60	15	-168
3301	60	20	-168
3302	60	25	-168
3303	60	30	-168
3304	60	35	-168
3305	60	40	-168
3306	60	45	-168
3307	60	50	-168
3308	60	55	-168
3309	60	60	-168
3310	60	65	-168
3311	60	70	-168
3312	60	75	-168
3313	60	80	-168
3314	60	85	-168
3315	60	90	-168
3316	60	95	-168
3317	60	100	-168
3318	60	105	-168
3319	60	110	-168
3320	60	115	-168
3321	60	120	-168
3322	60	125	-168
3323	60	130	-168
3324	60	135	-168
3325	65	5	-168
3326	65	10	-168
3327	65	15	-168
3328	65	20	-168
3329	65	25	-168
3330	65	30	-168
3331	65	35	-168
3332	65	40	-168
3333	65	45	-168
3334	65	50	-168
3335	65	55	-168
3336	65	60	-168
3337	65	65	-168
3338	65	70	-168
3339	65	75	-168
3340	65	80	-168
3341	65	85	-168
3342	65	90	-168
3343	65	95	-168
3344	65	100	-168
3345	65	105	-168
3346	65	110	-168
3347	65	115	-168
3348	65	120	-168
3349	65	125	-168
3350	65	130	-168
3351	65	135	-168
3352	70	5	-168
3353	70	10	-168
3354	70	15	-168
3355	70	20	-168
3356	70	25	-168
3357	70	30	-168
3358	70	35	-168
3359	70	40	-168
3360	70	45	-168
3361	70	50	-168
3362	70	55	-168
3363	70	60	-168
3364	70	65	-168
3365	70	70	-168
3366	70	75	-168
3367	70	80	-168
3368	70	85	-168
3369	70	90	-168
3370	70	95	-168
3371	70	100	-168
3372	70	105	-168
3373	70	110	-168
3374	70	115	-168
3375	70	120	-168
3376	70	125	-168
3377	70	130	-168
3378	70	135	-168
3379	75	5	-168
3380	75	10	-168
3381	75	15	-168
3382	75	20	-168
3383	75	25	-168
3384	75	30	-168
3385	75	35	-168
3386	75	40	-168
3387	75	45	-168
3388	75	50	-168
3389	75	55	-168
3390	75	60	-168
3391	75	65	-168
3392	75	70	-168
3393	75	75	-168
3394	75	80	-168
3395	75	85	-168
3396	75	90	-168
3397	75	95	-168
3398	75	100	-168
3399	75	105	-168
3400	75	110	-168
3401	75	115	-168
3402	75	120	-168
3403	75	125	-168
3404	75	130	-168
3405	75	135	-168
3406	80	5	-168
3407	80	10	-168
3408	80	15	-168
3409	80	20	-168
3410	80	25	-168
3411	80	30	-168
3412	80	35	-168
3413	80	40	-168
3414	80	45	-168
3415	80	50	-168
3416	80	55	-168
3417	80	60	-168
3418	80	65	-168
3419	80	70	-168
3420	80	75	-168
3421	80	80	-168
3422	80	85	-168
3423	80	90	-168
3424	80	95	-168
3425	80	100	-168
3426	80	105	-168
3427	80	110	-168
3428	80	115	-168
3429	80	120	-168
3430	80	125	-168
3431	80	130	-168
3432	80	135	-168
3433	85	5	-168
3434	85	10	-168
3435	85	15	-168
3436	85	20	-168
3437	85	25	-168
3438	85	30	-168
3439	85	35	-168
3440	85	40	-168
3441	85	45	-168
3442	85	50	-168
3443	85	55	-168
3444	85	60	-168
3445	85	65	-168
3446	85	70	-168
3447	85	75	-168
3448	85	80	-168
3449	85	85	-168
3450	85	90	-168
3451	85	95	-168
3452	85	100	-168
3453	85	105	-168
3454	85	110	-168
3455	85	115	-168
3456	85	120	-168
3457	85	125	-168
3458	85	130	-168
3459	85	135	-168
3460	90	5	-168
3461	90	10	-168
3462	90	15	-168
3463	90	20	-168
3464	90	25	-168
3465	90	30	-168
3466	90	35	-168
3467	90	40	-168
3468	90	45	-168
3469	90	50	-168
3470	90	55	-168
3471	90	60	-168
3472	90	65	-168
3473	90	70	-168
3474	90	75	-168
3475	90	80	-168
3476	90	85	-168
3477	90	90	-168
3478	90	95	-168
3479	90	100	-168
3480	90	105	-168
3481	90	110	-168
3482	90	115	-168
3483	90	120	-168
3484	90	125	-168
3485	90	130	-168
3486	90	135	-168
3487	95	5	-168
3488	95	10	-168
3489	95	15	-168
3490	95	20	-168
3491	95	25	-168
3492	95	30	-168
3493	95	35	-168
3494	95	40	-168
3495	95	45	-168
3496	95	50	-168
3497	95	55	-168
3498	95	60	-168
3499	95	65	-168
3500	95	70	-168
3501	95	75	-168
3502	95	80	-168
3503	95	85	-168
3504	95	90	-168
3505	95	95	-168
3506	95	100	-168
3507	95	105	-168
3508	95	110	-168
3509	95	115	-168
3510	95	120	-168
3511	95	125	-168
3512	95	130	-168
3513	95	135	-168
3514	100	5	-168
3515	100	10	-168
3516	100	15	-168
3517	100	20	-168
3518	100	25	-168
3519	100	30	-168
3520	100	35	-168
3521	100	40	-168
3522	100	45	-168
3523	100	50	-168
3524	100	55	-168
3525	100	60	-168
3526	100	65	-168
3527	100	70	-168
3528	100	75	-168
3529	100	80	-168
3530	100	85	-168
3531	100	90	-168
3532	100	95	-168
3533	100	100	-168
3534	100	105	-168
3535	100	110	-168
3536	100	115	-168
3537	100	120	-168
3538	100	125	-168
3539	100	130	-168
3540	100	135	-168
3541	105	5	-168
3542	105	10	-168
3543	105	15	-168
3544	105	20	-168
3545	105	25	-168
3546	105	30	-168
3547	105	35	-168
3548	105	40	-168
3549	105	45	-168
3550	105	50	-168
3551	105	55	-168
3552	105	60	-168
3553	105	65	-168
3554	105	70	-168
3555	105	75	-168
3556	105	80	-168
3557	105	85	-168
3558	105	90	-168
3559	105	95	-168
3560	105	100	-168
3561	105	105	-168
3562	105	110	-168
3563	105	115	-168
3564	105	120	-168
3565	105	125	-168
3566	105	130	-168
3567	105	135	-168
3568	110	5	-168
3569	110	10	-168
3570	110	15	-168
3571	110	20	-168
3572	110	25	-168
3573	110	30	-168
3574	110	35	-168
3575	110	40	-168
3576	110	45	-168
3577	110	50	-168
3578	110	55	-168
3579	110	60	-168
3580	110	65	-168
3581	110	70	-168
3582	110	75	-168
3583	110	80	-168
3584	110	85	-168
3585	110	90	-168
3586	110	95	-168
3587	110	100	-168
3588	110	105	-168
3589	110	110	-168
3590	110	115	-168
3591	110	120	-168
3592	110	125	-168
3593	110	130	-168
3594	110	135	-168
3595	115	5	-168
3596	115	10	-168
3597	115	15	-168
3598	115	20	-168
3599	115	25	-168
3600	115	30	-168
3601	115	35	-168
3602	115	40	-168
3603	115	45	-168
3604	115	50	-168
3605	115	55	-168
3606	115	60	-168
3607	115	65	-168
3608	115	70	-168
3609	115	75	-168
3610	115	80	-168
3611	115	85	-168
3612	115	90	-168
3613	115	95	-168
3614	115	100	-168
3615	115	105	-168
3616	115	110	-168
3617	115	115	-168
3618	115	120	-168
3619	115	125	-168
3620	115	130	-168
3621	115	135	-168
3622	120	5	-168
3623	120	10	-168
3624	120	15	-168
3625	120	20	-168
3626	120	25	-168
3627	120	30	-168
3628	120	35	-168
3629	120	40	-168
3630	120	45	-168
3631	120	50	-168
3632	120	55	-168
3633	120	60	-168
3634	120	65	-168
3635	120	70	-168
3636	120	75	-168
3637	120	80	-168
3638	120	85	-168
3639	120	90	-168
3640	120	95	-168
3641	120	100	-168
3642	120	105	-168
3643	120	110	-168
3644	120	115	-168
3645	120	120	-168
3646	120	125	-168
3647	120	130	-168
3648	120	135	-168
3649	125	5	-168
3650	125	10	-168
3651	125	15	-168
3652	125	20	-168
3653	125	25	-168
3654	125	30	-168
3655	125	35	-168
3656	125	40	-168
3657	125	45	-168
3658	125	50	-168
3659	125	55	-168
3660	125	60	-168
3661	125	65	-168
3662	125	70	-168
3663	125	75	-168
3664	125	80	-168
3665	125	85	-168
3666	125	90	-168
3667	125	95	-168
3668	125	100	-168
3669	125	105	-168
3670	125	110	-168
3671	125	115	-168
3672	125	120	-168
3673	125	125	-168
3674	125	130	-168
3675	125	135	-168
3676	130	5	-168
3677	130	10	-168
3678	130	15	-168
3679	130	20	-168
3680	130	25	-168
3681	130	30	-168
3682	130	35	-168
3683	130	40	-168
3684	130	45	-168
3685	130	50	-168
3686	130	55	-168
3687	130	60	-168
3688	130	65	-168
3689	130	70	-168
3690	130	75	-168
3691	130	80	-168
3692	130	85	-168
3693	130	90	-168
3694	130	95	-168
3695	130	100	-168
3696	130	105	-168
3697	130	110	-168
3698	130	115	-168
3699	130	120	-168
3700	130	125	-168
3701	130	130	-168
3702	130	135	-168
3703	135	5	-168
3704	135	10	-168
3705	135	15	-168
3706	135	20	-168
3707	135	25	-168
3708	135	30	-168
3709	135	35	-168
3710	135	40	-168
3711	135	45	-168
3712	135	50	-168
3713	135	55	-168
3714	135	60	-168
3715	135	65	-168
3716	135	70	-168
3717	135	75	-168
3718	135	80	-168
3719	135	85	-168
3720	135	90	-168
3721	135	95	-168
3722	135	100	-168
3723	135	105	-168
3724	135	110	-168
3725	135	115	-168
3726	135	120	-168
3727	135	125	-168
3728	135	130	-168
3729	135	135	-168
4001	5	5	-218
4002	5	10	-218
4003	5	15	-218
4004	5	20	-218
4005	5	25	-218
4006	5	30	-218
4007	5	35	-218
4008	5	40	-218
4009	5	45	-218
4010	5	50	-218
4011	5	55	-218
4012	5	60	-218
4013	5	65	-218
4014	5	70	-218
4015	5	75	-218
4016	5	80	-218
4017	5	85	-218
4018	5	90	-218
4019	5	95	-218
4020	5	100	-218
4021	5	105	-218
4022	5	110	-218
4023	5	115	-218
4024	5	120	-218
4025	5	125	-218
4026	5	130	-218
4027	5	135	-218
4028	10	5	-218
4029	10	10	-218
4030	10	15	-218
4031	10	20	-218
4032	10	25	-218
4033	10	30	-218
4034	10	35	-218
4035	10	40	-218
4036	10	45	-218
4037	10	50	-218
4038	10	55	-218
4039	10	60	-218
4040	10	65	-218
4041	10	70	-218
4042	10	75	-218
4043	10	80	-218
4044	10	85	-218
4045	10	90	-218
4046	10	95	-218
4047	10	100	-218
4048	10	105	-218
4049	10	110	-218
4050	10	115	-218
4051	10	120	-218
4052	10	125	-218
4053	10	130	-218
4054	10	135	-218
4055	15	5	-218
4056	15	10	-218
4057	15	15	-218
4058	15	20	-218
4059	15	25	-218
4060	15	30	-218
4061	15	35	-218
4062	15	40	-218
4063	15	45	-218
4064	15	50	-218
4065	15	55	-218
4066	15	60	-218
4067	15	65	-218
4068	15	70	-218
4069	15	75	-218
4070	15	80	-218
4071	15	85	-218
4072	15	90	-218
4073	15	95	-218
4074	15	100	-218
4075	15	105	-218
4076	15	110	-218
4077	15	115	-218
4078	15	120	-218
4079	15	125	-218
4080	15	130	-218
4081	15	135	-218
4082	20	5	-218
4083	20	10	-218
4084	20	15	-218
4085	20	20	-218
4086	20	25	-218
4087	20	30	-218
4088	20	35	-218
4089	20	40	-218
4090	20	45	-218
4091	20	50	-218
4092	20	55	-218
4093	20	60	-218
4094	20	65	-218
4095	20	70	-218
4096	20	75	-218
4097	20	80	-218
4098	20	85	-218
4099	20	90	-218
4100	20	95	-218
4101	20	100	-218
4102	20	105	-218
4103	20	110	-218
4104	20	115	-218
4105	20	120	-218
4106	20	125	-218
4107	20	130	-218
4108	20	135	-218
4109	25	5	-218
4110	25	10	-218
4111	25	15	-218
4112	25	20	-218
4113	25	25	-218
4114	25	30	-218
4115	25	35	-218
4116	25	40	-218
4117	25	45	-218
4118	25	50	-218
4119	25	55	-218
4120	25	60	-218
4121	25	65	-218
4122	25	70	-218
4123	25	75	-218
4124	25	80	-218
4125	25	85	-218
4126	25	90	-218
4127	25	95	-218
4128	25	100	-218
4129	25	105	-218
4130	25	110	-218
4131	25	115	-218
4132	25	120	-218
4133	25	125	-218
4134	25	130	-218
4135	25	135	-218
4136	30	5	-218
4137	30	10	-218
4138	30	15	-218
4139	30	20	-218
4140	30	25	-218
4141	30	30	-218
4142	30	35	-218
4143	30	40	-218
4144	30	45	-218
4145	30	50	-218
4146	30	55	-218
4147	30	60	-218
4148	30	65	-218
4149	30	70	-218
4150	30	75	-218
4151	30	80	-218
4152	30	85	-218
4153	30	90	-218
4154	30	95	-218
4155	30	100	-218
4156	30	105	-218
4157	30	110	-218
4158	30	115	-218
4159	30	120	-218
4160	30	125	-218
4161	30	130	-218
4162	30	135	-218
4163	35	5	-218
4164	35	10	-218
4165	35	15	-218
4166	35	20	-218
4167	35	25	-218
4168	35	30	-218
4169	35	35	-218
4170	35	40	-218
4171	35	45	-218
4172	35	50	-218
4173	35	55	-218
4174	35	60	-218
4175	35	65	-218
4176	35	70	-218
4177	35	75	-218
4178	35	80	-218
4179	35	85	-218
4180	35	90	-218
4181	35	95	-218
4182	35	100	-218
4183	35	105	-218
4184	35	110	-218
4185	35	115	-218
4186	35	120	-218
4187	35	125	-218
4188	35	130	-218
4189	35	135	-218
4190	40	5	-218
4191	40	10	-218
4192	40	15	-218
4193	40	20	-218
4194	40	25	-218
4195	40	30	-218
4196	40	35	-218
4197	40	40	-218
4198	40	45	-218
4199	40	50	-218
4200	40	55	-218
4201	40	60	-218
4202	40	65	-218
4203	40	70	-218
4204	40	75	-218
4205	40	80	-218
4206	40	85	-218
4207	40	90	-218
4208	40	95	-218
4209	40	100	-218
4210	40	105	-218
4211	40	110	-218
4212	40	115	-218
4213	40	120	-218
4214	40	125	-218
4215	40	130	-218
4216	40	135	-218
4217	45	5	-218
4218	45	10	-218
4219	45	15	-218
4220	45	20	-218
4221	45	25	-218
4222	45	30	-218
4223	45	35	-218
4224	45	40	-218
4225	45	45	-218
4226	45	50	-218
4227	45	55	-218
4228	45	60	-218
4229	45	65	-218
4230	45	70	-218
4231	45	75	-218
4232	45	80	-218
4233	45	85	-218
4234	45	90	-218
4235	45	95	-218
4236	45	100	-218
4237	45	105	-218
4238	45	110	-218
4239	45	115	-218
4240	45	120	-218
4241	45	125	-218
4242	45	130	-218
4243	45	135	-218
4244	50	5	-218
4245	50	10	-218
4246	50	15	-218
4247	50	20	-218
4248	50	25	-218
4249	50	30	-218
4250	50	35	-218
4251	50	40	-218
4252	50	45	-218
4253	50	50	-218
4254	50	55	-218
4255	50	60	-218
4256	50	65	-218
4257	50	70	-218
4258	50	75	-218
4259	50	80	-218
4260	50	85	-218
4261	50	90	-218
4262	50	95	-218
4263	50	100	-218
4264	50	105	-218
4265	50	110	-218
4266	50	115	-218
4267	50	120	-218
4268	50	125	-218
4269	50	130	-218
4270	50	135	-218
4271	55	5	-218
4272	55	10	-218
4273	55	15	-218
4274	55	20	-218
4275	55	25	-218
4276	55	30	-218
4277	55	35	-218
4278	55	40	-218
4279	55	45	-218
4280	55	50	-218
4281	55	55	-218
4282	55	60	-218
4283	55	65	-218
4284	55	70	-218
4285	55	75	-218
4286	55	80	-218
4287	55	85	-218
4288	55	90	-218
4289	55	95	-218
4290	55	100	-218
4291	55	105	-218
4292	55	110	-218
4293	55	115	-218
4294	55	120	-218
4295	55	125	-218
4296	55	130	-218
4297	55	135	-218
4298	60	5	-218
4299	60	10	-218
4300	60	15	-218
4301	60	20	-218
4302	60	25	-218
4303	60	30	-218
4304	60	35	-218
4305	60	40	-218
4306	60	45	-218
4307	60	50	-218
4308	60	55	-218
4309	60	60	-218
4310	60	65	-218
4311	60	70	-218
4312	60	75	-218
4313	60	80	-218
4314	60	85	-218
4315	60	90	-218
4316	60	95	-218
4317	60	100	-218
4318	60	105	-218
4319	60	110	-218
4320	60	115	-218
4321	60	120	-218
4322	60	125	-218
4323	60	130	-218
4324	60	135	-218
4325	65	5	-218
4326	65	10	-218
4327	65	15	-218
4328	65	20	-218
4329	65	25	-218
4330	65	30	-218
4331	65	35	-218
4332	65	40	-218
4333	65	45	-218
4334	65	50	-218
4335	65	55	-218
4336	65	60	-218
4337	65	65	-218
4338	65	70	-218
4339	65	75	-218
4340	65	80	-218
4341	65	85	-218
4342	65	90	-218
4343	65	95	-218
4344	65	100	-218
4345	65	105	-218
4346	65	110	-218
4347	65	115	-218
4348	65	120	-218
4349	65	125	-218
4350	65	130	-218
4351	65	135	-218
4352	70	5	-218
4353	70	10	-218
4354	70	15	-218
4355	70	20	-218
4356	70	25	-218
4357	70	30	-218
4358	70	35	-218
4359	70	40	-218
4360	70	45	-218
4361	70	50	-218
4362	70	55	-218
4363	70	60	-218
4364	70	65	-218
4365	70	70	-218
4366	70	75	-218
4367	70	80	-218
4368	70	85	-218
4369	70	90	-218
4370	70	95	-218
4371	70	100	-218
4372	70	105	-218
4373	70	110	-218
4374	70	115	-218
4375	70	120	-218
4376	70	125	-218
4377	70	130	-218
4378	70	135	-218
4379	75	5	-218
4380	75	10	-218
4381	75	15	-218
4382	75	20	-218
4383	75	25	-218
4384	75	30	-218
4385	75	35	-218
4386	75	40	-218
4387	75	45	-218
4388	75	50	-218
4389	75	55	-218
4390	75	60	-218
4391	75	65	-218
4392	75	70	-218
4393	75	75	-218
4394	75	80	-218
4395	75	85	-218
4396	75	90	-218
4397	75	95	-218
4398	75	100	-218
4399	75	105	-218
4400	75	110	-218
4401	75	115	-218
4402	75	120	-218
4403	75	125	-218
4404	75	130	-218
4405	75	135	-218
4406	80	5	-218
4407	80	10	-218
4408	80	15	-218
4409	80	20	-218
4410	80	25	-218
4411	80	30	-218
4412	80	35	-218
4413	80	40	-218
4414	80	45	-218
4415	80	50	-218
4416	80	55	-218
4417	80	60	-218
4418	80	65	-218
4419	80	70	-218
4420	80	75	-218
4421	80	80	-218
4422	80	85	-218
4423	80	90	-218
4424	80	95	-218
4425	80	100	-218
4426	80	105	-218
4427	80	110	-218
4428	80	115	-218
4429	80	120	-218
4430	80	125	-218
4431	80	130	-218
4432	80	135	-218
4433	85	5	-218
4434	85	10	-218
4435	85	15	-218
4436	85	20	-218
4437	85	25	-218
4438	85	30	-218
4439	85	35	-218
4440	85	40	-218
4441	85	45	-218
4442	85	50	-218
4443	85	55	-218
4444	85	60	-218
4445	85	65	-218
4446	85	70	-218
4447	85	75	-218
4448	85	80	-218
4449	85	85	-218
4450	85	90	-218
4451	85	95	-218
4452	85	100	-218
4453	85	105	-218
4454	85	110	-218
4455	85	115	-218
4456	85	120	-218
4457	85	125	-218
4458	85	130	-218
4459	85	135	-218
4460	90	5	-218
4461	90	10	-218
4462	90	15	-218
4463	90	20	-218
4464	90	25	-218
4465	90	30	-218
4466	90	35	-218
4467	90	40	-218
4468	90	45	-218
4469	90	50	-218
4470	90	55	-218
4471	90	60	-218
4472	90	65	-218
4473	90	70	-218
4474	90	75	-218
4475	90	80	-218
4476	90	85	-218
4477	90	90	-218
4478	90	95	-218
4479	90	100	-218
4480	90	105	-218
4481	90	110	-218
4482	90	115	-218
4483	90	120	-218
4484	90	125	-218
4485	90	130	-218
4486	90	135	-218
4487	95	5	-218
4488	95	10	-218
4489	95	15	-218
4490	95	20	-218
4491	95	25	-218
4492	95	30	-218
4493	95	35	-218
4494	95	40	-218
4495	95	45	-218
4496	95	50	-218
4497	95	55	-218
4498	95	60	-218
4499	95	65	-218
4500	95	70	-218
4501	95	75	-218
4502	95	80	-218
4503	95	85	-218
4504	95	90	-218
4505	95	95	-218
4506	95	100	-218
4507	95	105	-218
4508	95	110	-218
4509	95	115	-218
4510	95	120	-218
4511	95	125	-218
4512	95	130	-218
4513	95	135	-218
4514	100	5	-218
4515	100	10	-218
4516	100	15	-218
4517	100	20	-218
4518	100	25	-218
4519	100	30	-218
4520	100	35	-218
4521	100	40	-218
4522	100	45	-218
4523	100	50	-218
4524	100	55	-218
4525	100	60	-218
4526	100	65	-218
4527	100	70	-218
4528	100	75	-218
4529	100	80	-218
4530	100	85	-218
4531	100	90	-218
4532	100	95	-218
4533	100	100	-218
4534	100	105	-218
4535	100	110	-218
4536	100	115	-218
4537	100	120	-218
4538	100	125	-218
4539	100	130	-218
4540	100	135	-218
4541	105	5	-218
4542	105	10	-218
4543	105	15	-218
4544	105	20	-218
4545	105	25	-218
4546	105	30	-218
4547	105	35	-218
4548	105	40	-218
4549	105	45	-218
4550	105	50	-218
4551	105	55	-218
4552	105	60	-218
4553	105	65	-218
4554	105	70	-218
4555	105	75	-218
4556	105	80	-218
4557	105	85	-218
4558	105	90	-218
4559	105	95	-218
4560	105	100	-218
4561	105	105	-218
4562	105	110	-218
4563	105	115	-218
4564	105	120	-218
4565	105	125	-218
4566	105	130	-218
4567	105	135	-218
4568	110	5	-218
4569	110	10	-218
4570	110	15	-218
4571	110	20	-218
4572	110	25	-218
4573	110	30	-218
4574	110	35	-218
4575	110	40	-218
4576	110	45	-218
4577	110	50	-218
4578	110	55	-218
4579	110	60	-218
4580	110	65	-218
4581	110	70	-218
4582	110	75	-218
4583	110	80	-218
4584	110	85	-218
4585	110	90	-218
4586	110	95	-218
4587	110	100	-218
4588	110	105	-218
4589	110	110	-218
4590	110	115	-218
4591	110	120	-218
4592	110	125	-218
4593	110	130	-218
4594	110	135	-218
4595	115	5	-218
4596	115	10	-218
4597	115	15	-218
4598	115	20	-218
4599	115	25	-218
4600	115	30	-218
4601	115	35	-218
4602	115	40	-218
4603	115	45	-218
4604	115	50	-218
4605	115	55	-218
4606	115	60	-218
4607	115	65	-218
4608	115	70	-218
4609	115	75	-218
4610	115	80	-218
4611	115	85	-218
4612	115	90	-218
4613	115	95	-218
4614	115	100	-218
4615	115	105	-218
4616	115	110	-218
4617	115	115	-218
4618	115	120	-218
4619	115	125	-218
4620	115	130	-218
4621	115	135	-218
4622	120	5	-218
4623	120	10	-218
4624	120	15	-218
4625	120	20	-218
4626	120	25	-218
4627	120	30	-218
4628	120	35	-218
4629	120	40	-218
4630	120	45	-218
4631	120	50	-218
4632	120	55	-218
4633	120	60	-218
4634	120	65	-218
4635	120	70	-218
4636	120	75	-218
4637	120	80	-218
4638	120	85	-218
4639	120	90	-218
4640	120	95	-218
4641	120	100	-218
4642	120	105	-218
4643	120	110	-218
4644	120	115	-218
4645	120	120	-218
4646	120	125	-218
4647	120	130	-218
4648	120	135	-218
4649	125	5	-218
4650	125	10	-218
4651	125	15	-218
4652	125	20	-218
4653	125	25	-218
4654	125	30	-218
4655	125	35	-218
4656	125	40	-218
4657	125	45	-218
4658	125	50	-218
4659	125	55	-218
4660	125	60	-218
4661	125	65	-218
4662	125	70	-218
4663	125	75	-218
4664	125	80	-218
4665	125	85	-218
4666	125	90	-218
4667	125	95	-218
4668	125	100	-218
4669	125	105	-218
4670	125	110	-218
4671	125	115	-218
4672	125	120	-218
4673	125	125	-218
4674	125	130	-218
4675	125	135	-218
4676	130	5	-218
4677	130	10	-218
4678	130	15	-218
4679	130	20	-218
4680	130	25	-218
4681	130	30	-218
4682	130	35	-218
4683	130	40	-218
4684	130	45	-218
4685	130	50	-218
4686	130	55	-218
4687	130	60	-218
4688	130	65	-218
4689	130	70	-218
4690	130	75	-218
4691	130	80	-218
4692	130	85	-218
4693	130	90	-218
4694	130	95	-218
4695	130	100	-218
4696	130	105	-218
4697	130	110	-218
4698	130	115	-218
4699	130	120	-218
4700	130	125	-218
4701	130	130	-218
4702	130	135	-218
4703	135	5	-218
4704	135	10	-218
4705	135	15	-218
4706	135	20	-218
4707	135	25	-218
4708	135	30	-218
4709	135	35	-218
4710	135	40	-218
4711	135	45	-218
4712	135	50	-218
4713	135	55	-218
4714	135	60	-218
4715	135	65	-218
4716	135	70	-218
4717	135	75	-218
4718	135	80	-218
4719	135	85	-218
4720	135	90	-218
4721	135	95	-218
4722	135	100	-218
4723	135	105	-218
4724	135	110	-218
4725	135	115	-218
4726	135	120	-218
4727	135	125	-218
4728	135	130	-218
4729	135	135	-218
